0 1411 6943 45 0 3211 41504 3144 13725 0 0 0 10657 0 9525 0 0 10605 0 11466 0 0 0 0 20800 1718 27272 0 0 0 0 7931 0 35995 0 0 0 0 4889 0 0 0 0 30636 0 0
1411 0 12467 5368 12999 30270 123 2693 1057 0 17819 0 4733 0 0 3 28 0 2644 0 5280 19588 14895 30508 0 28078 975 11279 596 0 1623 0 31705 6534 0 36229 0 2319 7640 15202 0 1554 0 0 1788 4960
6943 12467 0 8274 43888 23 7083 2493 16774 15035 0 0 0 98 0 0 13565 0 9099 0 0 2432 7435 1759 19251 8635 10748 12658 395 0 151 404 13742 13239 0 0 0 9889 2274 18334 0 35475 20196 46 0 0
45 5368 8274 0 2919 3458 4317 2945 57 7949 14015 25398 0 489 9678 0 4827 4180 0 0 637 10445 0 638 18716 243 9429 8131 17086 19160 0 14491 0 6755 12814 111 27832 0 0 8270 3149 10840 2421 0 734 0
0 12999 43888 2919 0 0 0 0 22536 3034 0 0 5901 0 0 29 2221 0 3269 0 0 0 3126 0 16251 1074 5835 8064 0 0 900 0 34912 3287 0 0 0 3196 11338 352 0 19245 32572 0 0 0
3211 30270 23 3458 0 0 8979 15659 6321 0 2677 835 11471 21 327 0 0 9681 799 1543 21943 12353 5161 32730 0 25012 10009 10891 684 0 0 0 0 0 1895 32155 0 2141 11768 7517 0 0 0 5 2560 7836
41504 123 7083 4317 0 8979 0 8477 18740 0 1824 4156 13766 5277 1701 0 6 9108 603 11214 0 4110 0 0 13714 10708 24641 1307 1043 0 0 747 229 4820 72 0 905 92 7503 7725 0 893 19 15666 540 0
3144 2693 2493 2945 0 15659 8477 0 0 4174 4522 16907 5554 4559 20589 0 0 11292 326 608 7269 8523 0 17 17337 6541 20003 1423 3047 17590 0 11106 0 0 5031 0 363 279 1059 6579 430 0 0 455 10178 0
13725 1057 16774 57 22536 6321 18740 0 0 11154 0 274 16778 3803 0 0 5271 10711 1583 8856 0 60 0 0 12770 13268 408 20221 0 0 32 0 9194 14983 194 0 0 308 18313 0 0 4491 3793 1348 820 0
0 0 15035 7949 3034 0 0 4174 11154 0 0 12438 0 24702 0 3276 20312 0 2168 0 0 0 1541 7767 20866 0 3321 10627 0 22862 6104 17347 936 0 640 0 0 11985 0 3269 10410 2475 6479 0 0 0
0 17819 0 14015 0 2677 1824 4522 0 0 0 550 0 0 0 0 0 2654 0 0 1478 7008 0 373 0 0 12905 5948 10464 0 0 0 0 0 0 2036 10402 0 0 3019 0 0 0 0 21092 0
0 0 0 25398 0 835 4156 16907 274 12438 550 0 0 16432 7907 0 0 22 2353 0 0 0 0 968 17228 0 850 12525 22153 25073 0 9532 0 0 32715 0 28 4041 0 1854 22996 0 1583 0 0 0
10657 4733 0 0 5901 11471 13766 5554 16778 0 0 0 0 0 0 0 0 4665 0 4744 3126 0 0 0 0 15663 3876 0 0 0 0 0 3916 2456 0 0 0 0 25920 0 0 0 0 2705 9411 0
0 0 98 489 0 21 5277 4559 3803 24702 0 16432 0 0 0 2567 13416 0 7625 0 0 0 0 9493 1659 0 0 5688 9585 16182 9995 11 0 0 6879 0 0 5765 0 2091 26828 192 2465 0 0 843
9525 0 0 9678 0 327 1701 20589 0 0 0 7907 0 0 0 0 0 13564 0 67 0 0 0 0 8691 0 8435 0 0 10141 0 3049 0 0 2 0 1994 0 0 0 0 0 0 68 0 0
0 3 0 0 29 0 0 0 0 3276 0 0 0 2567 0 0 12649 0 8492 0 0 0 33355 34304 0 355 0 19640 0 0 23446 0 2953 0 0 0 0 13047 0 4886 0 0 0 0 0 0
0 28 13565 4827 2221 0 6 0 5271 20312 0 0 0 13416 0 12649 0 0 5785 0 0 0 8826 5788 637 0 0 19660 1551 0 6763 0 8645 235 1655 0 0 20085 0 18 0 5750 1035 0 0 0
10605 0 0 4180 0 9681 9108 11292 10711 0 2654 22 4665 0 13564 0 0 0 0 17434 0 499 0 0 10 412 19701 0 0 2349 0 201 0 0 0 0 3826 0 1886 123 0 0 0 1142 837 0
0 2644 9099 0 3269 799 603 326 1583 2168 0 2353 0 7625 0 8492 5785 0 0 0 0 970 2527 30701 2180 0 1069 2269 3754 536 11353 0 536 1404 5049 0 0 4570 0 629 0 5744 751 0 0 2478
11466 0 0 0 0 1543 11214 608 8856 0 0 0 4744 0 67 0 0 17434 0 0 0 0 0 0 0 0 16758 0 0 0 0 348 0 0 0 0 0 0 485 0 0 0 0 3553 1650 0
0 5280 0 637 0 21943 0 7269 0 0 1478 0 3126 0 0 0 0 0 0 0 0 11805 0 0 0 400 4666 4 0 0 0 0 0 0 0 1717 0 0 4041 507 0 0 0 0 3773 0
0 19588 2432 10445 0 12353 4110 8523 60 0 7008 0 0 0 0 0 0 499 970 0 11805 0 67 7268 0 2141 1549 3208 0 0 0 0 0 0 0 1803 0 3542 0 14156 0 0 0 0 2835 0
0 14895 7435 0 3126 5161 0 0 0 1541 0 0 0 0 0 33355 8826 0 2527 0 0 67 0 30153 0 2599 0 36941 316 2328 20515 0 9100 120 0 3370 0 23800 1257 17847 0 0 0 0 0 11658
0 30508 1759 638 0 32730 0 17 0 7767 373 968 0 9493 0 34304 5788 0 30701 0 0 7268 30153 0 0 30 0 15946 5023 5880 31682 0 0 0 3040 10673 0 8159 0 8815 0 0 2130 0 0 26176
20800 0 19251 18716 16251 0 13714 17337 12770 20866 0 17228 0 1659 8691 0 637 10 2180 0 0 0 0 0 0 25 25760 1075 4850 21864 2718 50056 0 1756 5 0 0 48 0 0 773 5346 8549 13361 0 345
1718 28078 8635 243 1074 25012 10708 6541 13268 0 0 0 15663 0 0 355 0 412 0 0 400 2141 2599 30 25 0 0 9 0 0 1820 0 24045 2462 0 12450 0 649 34293 22930 0 0 0 0 3046 0
27272 975 10748 9429 5835 10009 24641 20003 408 3321 12905 850 3876 0 8435 0 0 19701 1069 16758 4666 1549 0 0 25760 0 0 0 0 2365 0 18598 0 28201 0 0 0 0 3811 533 0 4760 2599 4420 9814 0
0 11279 12658 8131 8064 10891 1307 1423 20221 10627 5948 12525 0 5688 0 19640 19660 0 2269 0 4 3208 36941 15946 1075 9 0 0 15491 102 15586 0 6505 0 10195 3941 2187 15553 0 10235 0 1114 611 0 0 4277
0 596 395 17086 0 684 1043 3047 0 0 10464 22153 0 9585 0 0 1551 0 3754 0 0 0 316 5023 4850 0 0 15491 0 5818 0 0 0 0 54455 443 34620 2087 0 0 11183 802 0 0 1 5580
0 0 0 19160 0 0 0 17590 0 22862 0 25073 0 16182 10141 0 0 2349 536 0 0 0 2328 5880 21864 0 2365 102 5818 0 10807 10137 0 0 12915 0 193 4278 0 0 15017 193 1193 0 0 30613
0 1623 151 0 900 0 0 0 32 6104 0 0 0 9995 0 23446 6763 0 11353 0 0 0 20515 31682 2718 1820 0 15586 0 10807 0 0 8207 0 549 0 0 16945 0 2681 0 0 1811 0 0 59
7931 0 404 14491 0 0 747 11106 0 17347 0 9532 0 11 3049 0 0 201 0 348 0 0 0 0 50056 0 18598 0 0 10137 0 0 0 85 386 0 0 0 0 0 25 289 0 1576 0 0
0 31705 13742 0 34912 0 229 0 9194 936 0 0 3916 0 0 2953 8645 0 536 0 0 0 9100 0 0 24045 0 6505 0 0 8207 0 0 1158 0 0 0 6858 17954 6851 0 14982 1438 0 0 0
35995 6534 13239 6755 3287 0 4820 0 14983 0 0 0 2456 0 0 0 235 0 1404 0 0 0 120 0 1756 2462 28201 0 0 0 0 85 1158 0 0 0 0 0 22329 0 0 7028 4672 0 0 0
0 0 0 12814 0 1895 72 5031 194 640 0 32715 0 6879 2 0 1655 0 5049 0 0 0 0 3040 5 0 0 10195 54455 12915 549 386 0 0 0 251 14397 9289 0 0 13831 0 1441 0 0 30029
0 36229 0 111 0 32155 0 0 0 0 2036 0 0 0 0 0 0 0 0 0 1717 1803 3370 10673 0 12450 0 3941 443 0 0 0 0 0 251 0 0 0 686 2940 0 0 0 0 0 5929
0 0 0 27832 0 0 905 363 0 0 10402 28 0 0 1994 0 0 3826 0 0 0 0 0 0 0 0 0 2187 34620 193 0 0 0 0 14397 0 0 0 0 0 0 0 0 0 0 2227
0 2319 9889 0 3196 2141 92 279 308 11985 0 4041 0 5765 0 13047 20085 0 4570 0 0 3542 23800 8159 48 649 0 15553 2087 4278 16945 0 6858 0 9289 0 0 0 93 13717 749 335 652 0 0 318
4889 7640 2274 0 11338 11768 7503 1059 18313 0 0 0 25920 0 0 0 0 1886 0 485 4041 0 1257 0 0 34293 3811 0 0 0 0 0 17954 22329 0 686 0 93 0 194 0 100 41 0 947 0
0 15202 18334 8270 352 7517 7725 6579 0 3269 3019 1854 0 2091 0 4886 18 123 629 0 507 14156 17847 8815 0 22930 533 10235 0 0 2681 0 6851 0 0 2940 0 13717 194 0 0 0 7 0 633 132
0 0 0 3149 0 0 0 430 0 10410 0 22996 0 26828 0 0 0 0 0 0 0 0 0 0 773 0 0 0 11183 15017 0 25 0 0 13831 0 0 749 0 0 0 0 0 0 0 496
0 1554 35475 10840 19245 0 893 0 4491 2475 0 0 0 192 0 0 5750 0 5744 0 0 0 0 0 5346 0 4760 1114 802 193 0 289 14982 7028 0 0 0 335 100 0 0 0 7815 0 0 0
0 0 20196 2421 32572 0 19 0 3793 6479 0 1583 0 2465 0 0 1035 0 751 0 0 0 0 2130 8549 0 2599 611 0 1193 1811 0 1438 4672 1441 0 0 652 41 7 0 7815 0 0 0 0
30636 0 46 0 0 5 15666 455 1348 0 0 0 2705 0 68 0 0 1142 0 3553 0 0 0 0 13361 0 4420 0 0 0 0 1576 0 0 0 0 0 0 0 0 0 0 0 0 0 0
0 1788 0 734 0 2560 540 10178 820 0 21092 0 9411 0 0 0 0 837 0 1650 3773 2835 0 0 0 3046 9814 0 1 0 0 0 0 0 0 0 0 0 947 633 0 0 0 0 0 0
0 4960 0 0 0 7836 0 0 0 0 0 0 0 843 0 0 0 0 2478 0 0 0 11658 26176 345 0 0 4277 5580 30613 59 0 0 0 30029 5929 2227 318 0 132 496 0 0 0 0 0
