0 0 0 14429 0 13225 0 1388 0 529 0 0 10249 106 0 2886 0 0 0 0 0 0 90 65331 32441 18110 5357 3629 55858 18939 31576 0 3118 1622 120 0 70 6824 26001 503 0 5883 0 974 1460 13281
0 0 23156 733 35686 20443 16524 0 20546 0 2455 6665 0 56 3424 21959 0 0 7924 1776 4356 14291 5536 0 0 31651 0 606 4370 487 240 8753 0 0 16852 7518 0 2142 0 9257 34618 437 19137 0 0 0
0 23156 0 0 2032 16362 572 0 18298 38 14802 201 0 0 0 6489 24294 1807 6765 0 0 0 0 6700 26268 0 0 8891 2580 0 0 0 2520 3 6273 44097 5285 0 4777 976 14789 2477 946 307 85 0
14429 733 0 0 0 4716 14530 13867 0 289 0 2399 19585 14438 500 0 0 85 2822 1572 0 74 25067 11442 3894 0 30006 0 10981 19605 32159 0 3237 3079 7513 0 0 16543 0 947 0 10596 0 9950 0 15485
0 35686 2032 0 0 12152 19386 392 705 0 0 6642 0 1222 25485 26878 0 0 5864 22 946 2791 3347 3896 0 34011 30 21885 624 0 0 18682 0 0 3679 0 0 0 44 6978 2591 0 10027 0 0 0
13225 20443 16362 4716 12152 0 10697 0 9510 0 359 2861 0 9184 3995 8538 839 0 6070 112 547 6545 15743 16924 4755 28874 0 44882 8546 37 5535 4639 1740 0 5990 7060 2175 19224 10025 6195 5158 154 3396 634 0 0
0 16524 572 14530 19386 10697 0 5295 0 0 1264 7839 12241 13416 9604 4364 0 0 8970 18158 0 12126 36080 38 6609 13422 18025 0 1240 4046 2341 6959 1511 452 16928 0 0 7735 0 12799 0 0 214 4136 0 0
1388 0 0 13867 392 0 5295 0 7925 16240 7980 10739 6624 15185 0 0 749 4880 0 9065 0 0 0 0 8601 0 17057 0 1 32175 303 2590 30442 55342 193 0 3855 0 0 4555 103 3101 0 6347 0 15111
0 20546 18298 0 705 9510 0 7925 0 0 39440 8749 0 3320 0 562 241 7180 6355 2514 8950 0 0 0 697 0 0 1291 2751 2523 0 1466 11957 25937 11959 33885 0 0 470 8902 19019 2712 2715 0 0 0
529 0 38 289 0 0 0 16240 0 0 0 0 0 0 0 0 2380 373 0 0 0 0 0 12526 11220 0 1197 0 2684 12043 2497 0 10527 20975 0 0 5459 0 3 0 0 4165 0 363 25281 23223
0 2455 14802 0 0 359 1264 7980 39440 0 0 7429 0 10994 0 0 5518 14818 2913 1246 562 0 0 0 3573 0 7 0 0 2 0 17670 14229 25824 11257 27277 7 0 0 14296 1423 284 0 201 0 0
0 6665 201 2399 6642 2861 7839 10739 8749 0 7429 0 3066 15926 18033 51 0 0 12417 14139 10013 0 4122 0 0 0 24614 0 6205 2757 0 27930 0 0 22433 4577 0 1870 0 12504 3528 0 2555 167 0 0
10249 0 0 19585 0 0 12241 6624 0 0 0 3066 0 1587 0 0 0 0 0 13139 0 0 1011 5 33 0 29035 0 3183 9176 31089 0 0 0 2635 0 0 0 0 0 0 10149 0 2196 0 9052
106 56 0 14438 1222 9184 13416 15185 3320 0 10994 15926 1587 0 8391 2428 0 0 3495 6275 900 3657 14128 5493 2180 7541 33717 0 6868 530 5949 10182 0 3665 6628 0 0 15786 0 641 0 0 0 1434 0 171
0 3424 0 500 25485 3995 9604 0 0 0 0 18033 0 8391 0 2730 0 0 22269 2949 3979 9311 19360 0 0 1876 34 0 8125 0 0 13043 0 0 9026 0 0 3027 0 559 0 0 126 0 0 0
2886 21959 6489 0 26878 8538 4364 0 562 0 0 51 0 2428 2730 0 0 0 6272 0 0 10318 3575 6817 0 27022 0 8989 3010 0 0 276 0 0 3734 0 0 5366 1234 3197 6117 3 8726 0 0 0
0 0 24294 0 0 839 0 749 241 2380 5518 0 0 0 0 0 0 19118 0 0 0 0 0 0 24729 0 0 0 0 2 0 0 3901 4482 0 8808 20599 0 0 0 1063 9152 0 0 5325 0
0 0 1807 85 0 0 0 4880 7180 373 14818 0 0 0 0 0 19118 0 0 0 0 0 0 0 16143 0 0 0 0 637 0 0 6373 3156 0 3164 3909 0 0 116 2406 5155 0 444 3750 0
0 7924 6765 2822 5864 6070 8970 0 6355 0 2913 12417 0 3495 22269 6272 0 0 0 1 280 6762 17176 0 1682 974 0 0 10746 0 0 7975 115 1389 19819 1125 0 1385 0 4902 2347 44 712 729 1 0
0 1776 0 1572 22 112 18158 9065 2514 0 1246 14139 13139 6275 2949 0 0 0 1 0 0 487 1590 0 0 0 13158 0 652 4277 0 0 549 1888 12127 0 0 2890 0 6728 0 0 0 3932 0 0
0 4356 0 0 946 547 0 0 8950 0 562 10013 0 900 3979 0 0 0 280 0 0 1251 1283 0 0 323 0 0 281 0 0 13601 0 0 14790 4956 0 1215 0 3230 6955 0 2334 0 0 0
0 14291 0 74 2791 6545 12126 0 0 0 0 0 0 3657 9311 10318 0 0 6762 487 1251 0 7961 0 0 18511 0 0 2173 0 0 2591 0 0 10275 0 0 7026 0 56 0 0 1710 0 0 0
90 5536 0 25067 3347 15743 36080 0 0 0 0 4122 1011 14128 19360 3575 0 0 17176 1590 1283 7961 0 3203 3324 6798 4118 0 3143 0 1211 3789 0 0 17882 0 0 28507 0 3668 0 0 3179 0 0 0
65331 0 6700 11442 3896 16924 38 0 0 12526 0 0 5 5493 0 6817 0 0 0 0 0 0 3203 0 25346 7749 613 26296 27069 880 4085 0 15739 0 0 0 17396 7320 28754 0 0 958 0 103 9029 6499
32441 0 26268 3894 0 4755 6609 8601 697 11220 3573 0 33 2180 0 0 24729 16143 1682 0 0 0 3324 25346 0 5764 0 3053 19760 13845 637 2363 25658 4239 1105 2101 25268 4642 2714 1167 2102 10192 0 1654 17283 4561
18110 31651 0 0 34011 28874 13422 0 0 0 0 0 0 7541 1876 27022 0 0 974 0 323 18511 6798 7749 5764 0 0 6695 2786 0 33 21932 0 0 12124 0 0 11169 6234 789 582 0 18895 0 0 0
5357 0 0 30006 30 0 18025 17057 0 1197 7 24614 29035 33717 34 0 0 0 0 13158 0 0 4118 613 0 0 0 0 1820 10685 34566 908 0 1504 4119 0 0 0 0 617 0 12624 0 3100 809 7418
3629 606 8891 0 21885 44882 0 0 1291 0 0 0 0 0 0 8989 0 0 0 0 0 0 0 26296 3053 6695 0 0 6631 765 726 0 3692 0 0 0 12894 1637 33954 10462 2704 2673 3667 0 0 0
55858 4370 2580 10981 624 8546 1240 1 2751 2684 0 6205 3183 6868 8125 3010 0 0 10746 652 281 2173 3143 27069 19760 2786 1820 6631 0 14529 18951 3095 4571 0 5351 14 0 18665 24823 12323 2535 1031 12519 15266 0 3590
18939 487 0 19605 0 37 4046 32175 2523 12043 2 2757 9176 530 0 0 2 637 0 4277 0 0 0 880 13845 0 10685 765 14529 0 9472 0 14401 16078 0 0 4050 628 0 4003 1740 4760 0 18279 5241 16677
31576 240 0 32159 0 5535 2341 303 0 2497 0 0 31089 5949 0 0 0 0 0 0 0 0 1211 4085 637 33 34566 726 18951 9472 0 0 1486 211 0 0 0 2706 537 3252 0 17584 0 1791 3899 14277
0 8753 0 0 18682 4639 6959 2590 1466 0 17670 27930 0 10182 13043 276 0 0 7975 0 13601 2591 3789 0 2363 21932 908 0 3095 0 0 0 0 1021 22813 2500 0 750 0 8233 1169 0 5957 0 0 0
3118 0 2520 3237 0 1740 1511 30442 11957 10527 14229 0 0 0 0 0 3901 6373 115 549 0 0 0 15739 25658 0 0 3692 4571 14401 1486 0 0 32640 0 0 4676 76 5231 3116 4508 10611 0 5781 11187 5808
1622 0 3 3079 0 0 452 55342 25937 20975 25824 0 0 3665 0 0 4482 3156 1389 1888 0 0 0 0 4239 0 1504 0 0 16078 211 1021 32640 0 0 0 2670 0 0 3520 40 6388 0 6787 203 14632
120 16852 6273 7513 3679 5990 16928 193 11959 0 11257 22433 2635 6628 9026 3734 0 0 19819 12127 14790 10275 17882 0 1105 12124 4119 0 5351 0 0 22813 0 0 0 15841 0 6035 0 5709 4059 0 6315 371 0 0
0 7518 44097 0 0 7060 0 0 33885 0 27277 4577 0 0 0 0 8808 3164 1125 0 4956 0 0 0 2101 0 0 0 14 0 0 2500 0 0 15841 0 12 0 26 2300 12750 0 0 0 0 0
70 0 5285 0 0 2175 0 3855 0 5459 7 0 0 0 0 0 20599 3909 0 0 0 0 0 17396 25268 0 0 12894 0 4050 0 0 4676 2670 0 12 0 0 16072 0 599 11301 0 0 11425 1147
6824 2142 0 16543 0 19224 7735 0 0 0 0 1870 0 15786 3027 5366 0 0 1385 2890 1215 7026 28507 7320 4642 11169 0 1637 18665 628 2706 750 76 0 6035 0 0 0 5660 3822 0 0 1310 3896 0 0
26001 0 4777 0 44 10025 0 0 470 3 0 0 0 0 0 1234 0 0 0 0 0 0 0 28754 2714 6234 0 33954 24823 0 537 0 5231 0 0 26 16072 5660 0 948 4144 2704 380 0 0 0
503 9257 976 947 6978 6195 12799 4555 8902 0 14296 12504 0 641 559 3197 0 116 4902 6728 3230 56 3668 0 1167 789 617 10462 12323 4003 3252 8233 3116 3520 5709 2300 0 3822 948 0 2005 3197 15943 2965 1055 0
0 34618 14789 0 2591 5158 0 103 19019 0 1423 3528 0 0 0 6117 1063 2406 2347 0 6955 0 0 0 2102 582 0 2704 2535 1740 0 1169 4508 40 4059 12750 599 0 4144 2005 0 4368 2746 0 3274 0
5883 437 2477 10596 0 154 0 3101 2712 4165 284 0 10149 0 0 3 9152 5155 44 0 0 0 0 958 10192 0 12624 2673 1031 4760 17584 0 10611 6388 0 0 11301 0 2704 3197 4368 0 2797 1 14887 3477
0 19137 946 0 10027 3396 214 0 2715 0 0 2555 0 0 126 8726 0 0 712 0 2334 1710 3179 0 0 18895 0 3667 12519 0 0 5957 0 0 6315 0 0 1310 380 15943 2746 2797 0 0 0 0
974 0 307 9950 0 634 4136 6347 0 363 201 167 2196 1434 0 0 0 444 729 3932 0 0 0 103 1654 0 3100 0 15266 18279 1791 0 5781 6787 371 0 0 3896 0 2965 0 1 0 0 0 472
1460 0 85 0 0 0 0 0 0 25281 0 0 0 0 0 0 5325 3750 1 0 0 0 0 9029 17283 0 809 0 0 5241 3899 0 11187 203 0 0 11425 0 0 1055 3274 14887 0 0 0 458
13281 0 0 15485 0 0 0 15111 0 23223 0 0 9052 171 0 0 0 0 0 0 0 0 0 6499 4561 0 7418 0 3590 16677 14277 0 5808 14632 0 0 1147 0 0 0 0 3477 0 472 458 0
