0 3851 1117 81 19 0 30399 1636 0 0 21860 183 55448 11388 24516 1541 400 0 3629 10917 0 0 0 43814 1058 615 10299 19340 11878 1719 1325 2106 0 28638 2455 0 23100 0 5888 0 0 260 0 0 0 0
3851 0 26306 3582 11071 6081 4118 484 8408 6947 7352 10273 2353 3026 52 9507 433 5486 13091 615 15802 1289 1428 968 5713 43598 15310 4408 2691 6033 16979 13646 17560 0 12657 18666 10284 21552 10810 25489 0 8156 16180 10260 0 14669
1117 26306 0 0 181 0 5644 5410 4978 0 12452 24124 0 0 18367 0 0 20437 8277 1099 5633 0 2619 0 0 13050 18 0 9634 8536 18548 0 6031 4311 18555 12736 0 167 441 4803 0 0 26845 0 0 0
81 3582 0 0 33265 2871 0 2 2267 0 11212 0 0 0 0 0 3730 0 0 0 0 0 10188 13110 10120 2935 0 12017 0 3515 7674 25036 1352 0 9625 0 12396 0 16093 1008 0 8489 0 0 692 2078
19 11071 181 33265 0 0 0 0 9440 0 13577 2017 0 0 0 0 15776 221 1895 3426 0 0 0 0 39438 57 11012 20608 0 5103 12580 1353 604 0 6755 0 0 8 24877 3066 958 29749 88 0 9496 0
0 6081 0 2871 0 0 8686 13085 0 24563 0 0 0 8733 0 27632 0 0 1820 0 0 2970 15688 10134 2602 2002 14620 0 7587 2803 0 2108 13278 0 0 23811 0 6787 0 2857 2251 0 0 6593 1257 27024
30399 4118 5644 0 0 8686 0 28115 0 3421 0 3625 18754 11226 0 2923 789 230 5000 0 0 0 38561 25189 1728 0 17161 1262 39030 2180 0 0 3002 3799 0 20650 12659 0 0 2497 0 0 0 2286 0 4175
1636 484 5410 2 0 13085 28115 0 0 0 0 2919 5121 8465 0 1441 0 2521 5947 0 0 0 29923 11604 718 0 31161 0 59115 6948 0 2101 5766 11349 0 1266 0 0 0 2050 0 0 105 0 0 0
0 8408 4978 2267 9440 0 0 0 0 0 1208 18694 0 0 0 0 202 67 2651 0 14344 0 0 0 14724 4418 42 153 0 0 14023 0 0 0 22023 0 0 2017 5827 613 0 4463 0 0 0 0
0 6947 0 0 0 24563 3421 0 0 0 0 0 0 4371 0 16688 12 0 202 0 0 12208 9199 0 269 258 1296 0 0 361 0 0 12194 0 0 9422 0 5703 0 406 7988 0 0 4794 2517 24927
21860 7352 12452 11212 13577 0 0 0 1208 0 0 4254 120 0 18480 270 5506 0 1486 33853 0 0 0 0 12159 3690 3032 19918 6734 31 12438 0 1130 17624 20851 0 150 0 2929 243 0 10435 0 0 0 0
183 10273 24124 0 2017 0 3625 2919 18694 0 4254 0 1835 78 26277 17 0 33475 837 3261 2729 0 0 426 0 10365 4037 0 7381 23893 12751 0 1269 13737 12933 4167 0 462 1848 3542 0 1473 179 0 0 0
55448 2353 0 0 0 0 18754 5121 0 0 120 1835 0 1591 10842 2665 0 231 5445 1983 0 0 682 46559 0 0 5902 111 10171 3686 0 0 2 9245 0 0 13446 0 31 0 0 0 0 0 0 0
11388 3026 0 0 0 8733 11226 8465 0 4371 0 78 1591 0 0 10645 9363 0 3422 0 0 8898 3194 3508 3724 1394 29399 0 19427 10688 59 902 5697 4281 0 12395 91 3857 0 15564 9267 0 1744 58 0 1454
24516 52 18367 0 0 0 0 0 0 0 18480 26277 10842 0 0 357 0 6830 4522 13328 0 0 22 1500 0 810 3704 0 7576 5427 32 0 322 31681 4116 1 0 0 0 0 0 0 2197 0 0 0
1541 9507 0 0 0 27632 2923 1441 0 16688 270 17 2665 10645 357 0 3535 368 1181 245 0 7066 1084 3393 924 1182 5246 970 3644 1697 137 0 15364 0 87 13021 140 8024 0 3206 0 1114 1261 986 0 20061
400 433 0 3730 15776 0 789 0 202 12 5506 0 0 9363 0 3535 0 0 83 0 0 2869 122 143 42701 342 1548 9875 0 15755 103 5485 7189 0 1917 1580 0 0 19 11632 11490 7100 122 91 13557 39
0 5486 20437 0 221 0 230 2521 67 0 0 33475 231 0 6830 368 0 0 563 622 2422 0 0 1510 0 4109 562 0 1527 22336 59 0 1164 3860 3114 7285 0 83 594 3128 0 0 4322 0 0 0
3629 13091 8277 0 1895 1820 5000 5947 2651 202 1486 837 5445 3422 4522 1181 83 563 0 4150 2496 0 5067 2016 8920 688 11808 0 3040 883 1510 152 2 5333 12836 3621 606 5176 2009 14720 0 2081 3449 0 0 0
10917 615 1099 0 3426 0 0 0 0 0 33853 3261 1983 0 13328 245 0 622 4150 0 0 0 0 0 0 885 5678 485 773 0 5439 0 155 14637 4460 0 0 0 699 0 0 0 0 0 0 0
0 15802 5633 0 0 0 0 0 14344 0 0 2729 0 0 0 0 0 2422 2496 0 0 0 0 0 1325 16511 0 0 0 1685 0 0 0 0 3793 0 0 6849 58 1905 0 0 628 0 0 0
0 1289 0 0 0 2970 0 0 0 12208 0 0 0 8898 0 7066 2869 0 0 0 0 0 0 0 3417 8803 0 0 0 0 756 0 13616 0 15 1991 0 5088 0 7503 15686 0 0 0 2514 2445
0 1428 2619 10188 0 15688 38561 29923 0 9199 0 0 682 3194 22 1084 122 0 5067 0 0 0 0 22976 1322 0 32504 0 23340 9608 0 2785 1255 0 0 15802 776 0 0 4964 917 0 0 565 489 6756
43814 968 0 13110 0 10134 25189 11604 0 0 0 426 46559 3508 1500 3393 143 1510 2016 0 0 0 22976 0 0 0 10160 34 10223 33808 0 5802 0 3564 0 0 43805 0 0 1725 30 0 0 0 0 305
1058 5713 0 10120 39438 2602 1728 718 14724 269 12159 0 0 3724 0 924 42701 0 8920 0 1325 3417 1322 0 0 18450 1269 30201 13 22688 2823 12621 4736 0 33909 0 1591 10199 6733 8404 11341 17806 401 0 22875 7814
615 43598 13050 2935 57 2002 0 0 4418 258 3690 10365 0 1394 810 1182 342 4109 688 885 16511 8803 0 0 18450 0 154 0 126 4227 6462 0 9978 158 11458 2744 0 44189 984 10637 5750 320 13685 4675 765 23932
10299 15310 18 0 11012 14620 17161 31161 42 1296 3032 4037 5902 29399 3704 5246 1548 562 11808 5678 0 0 32504 10160 1269 154 0 8233 34855 7787 1745 3522 1235 6040 642 7257 1610 56 1492 4651 0 9196 0 0 0 0
19340 4408 0 12017 20608 0 1262 0 153 0 19918 0 111 0 0 970 9875 0 0 485 0 0 0 34 30201 0 8233 0 2524 1095 10814 18011 0 0 0 0 13108 0 12675 0 0 3439 0 0 0 0
11878 2691 9634 0 0 7587 39030 59115 0 0 6734 7381 10171 19427 7576 3644 0 1527 3040 773 0 0 23340 10223 13 126 34855 2524 0 4788 0 0 14689 34019 197 9227 3768 0 0 399 0 0 882 4278 0 0
1719 6033 8536 3515 5103 2803 2180 6948 0 361 31 23893 3686 10688 5427 1697 15755 22336 883 0 1685 0 9608 33808 22688 4227 7787 1095 4788 0 0 24104 246 1327 320 1249 7899 0 0 8882 4367 1190 430 0 9667 2071
1325 16979 18548 7674 12580 0 0 0 14023 0 12438 12751 0 59 32 137 103 59 1510 5439 0 756 0 0 2823 6462 1745 10814 0 0 0 0 8708 0 21756 0 2008 530 10364 222 0 2757 158 0 0 547
2106 13646 0 25036 1353 2108 0 2101 0 0 0 0 0 902 0 0 5485 0 152 0 0 0 2785 5802 12621 0 3522 18011 0 24104 0 0 0 0 0 12 22217 0 2714 2410 29 329 0 0 2299 3540
0 17560 6031 1352 604 13278 3002 5766 0 12194 1130 1269 2 5697 322 15364 7189 1164 2 155 0 13616 1255 0 4736 9978 1235 0 14689 246 8708 0 0 11534 4929 10813 0 7056 30 4882 2731 358 3544 15439 0 11927
28638 0 4311 0 0 0 3799 11349 0 0 17624 13737 9245 4281 31681 0 0 3860 5333 14637 0 0 0 3564 0 158 6040 0 34019 1327 0 0 11534 0 3203 406 0 0 0 0 0 0 0 0 0 0
2455 12657 18555 9625 6755 0 0 0 22023 0 20851 12933 0 0 4116 87 1917 3114 12836 4460 3793 15 0 0 33909 11458 642 0 197 320 21756 0 4929 3203 0 0 0 2749 7304 5555 0 16105 31 0 0 0
0 18666 12736 0 0 23811 20650 1266 0 9422 0 4167 0 12395 1 13021 1580 7285 3621 0 0 1991 15802 0 0 2744 7257 0 9227 1249 0 12 10813 406 0 0 0 955 0 7259 780 0 6116 7672 0 5559
23100 10284 0 12396 0 0 12659 0 0 0 150 0 13446 91 0 140 0 0 606 0 0 0 776 43805 1591 0 1610 13108 3768 7899 2008 22217 0 0 0 0 0 0 1631 0 0 0 0 0 0 0
0 21552 167 0 8 6787 0 0 2017 5703 0 462 0 3857 0 8024 0 83 5176 0 6849 5088 0 0 10199 44189 56 0 0 0 530 0 7056 0 2749 955 0 0 61 13822 1680 252 4021 0 941 17732
5888 10810 441 16093 24877 0 0 0 5827 0 2929 1848 31 0 0 0 19 594 2009 699 58 0 0 0 6733 984 1492 12675 0 0 10364 2714 30 0 7304 0 1631 61 0 4022 0 5740 0 0 193 0
0 25489 4803 1008 3066 2857 2497 2050 613 406 243 3542 0 15564 0 3206 11632 3128 14720 0 1905 7503 4964 1725 8404 10637 4651 0 399 8882 222 2410 4882 0 5555 7259 0 13822 4022 0 9764 1450 1042 892 208 5276
0 0 0 0 958 2251 0 0 0 7988 0 0 0 9267 0 0 11490 0 0 0 0 15686 917 30 11341 5750 0 0 0 4367 0 29 2731 0 0 780 0 1680 0 9764 0 0 448 0 9608 957
260 8156 0 8489 29749 0 0 0 4463 0 10435 1473 0 0 0 1114 7100 0 2081 0 0 0 0 0 17806 320 9196 3439 0 1190 2757 329 358 0 16105 0 0 252 5740 1450 0 0 0 0 0 0
0 16180 26845 0 88 0 0 105 0 0 0 179 0 1744 2197 1261 122 4322 3449 0 628 0 0 0 401 13685 0 0 882 430 158 0 3544 0 31 6116 0 4021 0 1042 448 0 0 5 0 7494
0 10260 0 0 0 6593 2286 0 0 4794 0 0 0 58 0 986 91 0 0 0 0 0 565 0 0 4675 0 0 4278 0 0 0 15439 0 0 7672 0 0 0 892 0 0 5 0 0 300
0 0 0 692 9496 1257 0 0 0 2517 0 0 0 0 0 0 13557 0 0 0 0 2514 489 0 22875 765 0 0 0 9667 0 2299 0 0 0 0 0 941 193 208 9608 0 0 0 0 147
0 14669 0 2078 0 27024 4175 0 0 24927 0 0 0 1454 0 20061 39 0 0 0 0 2445 6756 305 7814 23932 0 0 0 2071 547 3540 11927 0 0 5559 0 17732 0 5276 957 0 7494 300 147 0
