0 1098 0 13159 0 287 5389 6043 7202 3521 1888 22352 0 9564 25042 2602 9104 3073 9307 20197 0 0 5341 8810 505 15511 0 9137 11428 11113 9153 57975 15111 2534 50714 0 7180 796 0 2108 14335 2473 6616 14252 0 3477
1098 0 313 5695 26984 0 34603 14678 1459 22352 14388 25920 11385 8553 0 21943 7209 13942 0 0 0 0 3235 0 14324 0 0 19305 0 1346 8510 3301 0 17056 0 24503 6983 6931 6130 22204 0 1821 336 0 8027 0
0 313 0 0 32539 11934 338 0 13966 0 14884 0 0 2060 0 4702 7051 0 0 0 15575 17831 3322 5578 42901 0 29164 1756 91 0 0 0 13084 0 0 14 0 5752 85 7850 0 0 922 0 0 0
13159 5695 0 0 587 705 8 20596 0 8132 3590 14619 11181 8272 5726 6926 6443 0 0 622 0 0 0 3 2927 9260 0 9830 15514 2545 30868 10353 0 40006 2911 0 36614 181 0 3526 1120 20650 1147 0 0 0
0 26984 32539 587 0 166 0 0 76 12157 15161 0 375 1436 0 20479 10765 846 1484 0 0 0 801 1409 22437 0 0 30968 3751 0 2242 0 0 0 0 22783 0 11304 0 20202 0 477 1005 0 62 0
287 0 11934 705 166 0 825 0 5591 0 110 0 0 901 0 0 785 43 19019 0 9260 5150 13498 21637 3119 357 51964 0 13547 1207 244 0 23104 0 1674 0 0 8187 25638 11308 14321 0 3048 11411 0 0
5389 34603 338 8 0 825 0 6799 0 0 0 0 0 17282 0 1226 2936 25886 153 0 0 0 19443 37645 0 9425 8488 1430 12943 28746 3644 0 15 10780 0 0 0 1071 0 98 0 980 4406 0 0 19685
6043 14678 0 20596 0 0 6799 0 0 2063 0 0 3117 3206 0 8210 1527 968 0 12621 0 0 4110 0 0 50786 0 175 12223 24441 10889 70 0 24793 11695 0 0 0 0 2824 0 5226 596 0 0 10845
7202 1459 13966 0 76 5591 0 0 0 0 6780 5302 0 0 0 0 0 0 1471 0 2283 6698 373 0 28258 0 2316 5 2831 0 0 971 21257 0 0 5317 0 23021 22983 3103 5963 0 34 0 0 0
3521 22352 0 8132 12157 0 0 2063 0 0 3258 13486 25309 0 3855 5951 5396 0 0 0 0 0 0 0 12299 3186 0 22381 7101 2756 29999 2936 0 13001 926 18983 18609 0 0 15899 0 17223 0 0 14807 0
1888 14388 14884 3590 15161 110 0 0 6780 3258 0 18060 5991 0 1612 1982 11436 0 955 0 0 152 0 0 37017 0 13 20877 0 0 106 14 16 0 0 15673 7523 6475 11722 0 0 0 3 0 2333 0
22352 25920 0 14619 0 0 0 0 5302 13486 18060 0 5961 0 8732 0 2786 0 160 0 0 1183 0 0 16539 212 4 22118 0 0 9724 28472 1480 0 9551 4746 23796 9522 7486 0 2246 0 0 588 265 0
0 11385 0 11181 375 0 0 3117 0 25309 5991 5961 0 0 131 5495 3888 0 0 507 0 0 0 0 9313 4820 0 20563 11821 179 17382 0 0 13495 0 9885 17628 0 0 58 0 13093 0 0 18156 0
9564 8553 2060 8272 1436 901 17282 3206 0 0 0 0 0 0 0 0 6808 3480 0 0 0 2378 22613 21565 0 0 1355 708 1975 436 0 0 0 620 0 0 0 83 0 2798 1594 0 21818 0 0 1138
25042 0 0 5726 0 0 0 0 0 3855 1612 8732 131 0 0 0 0 0 2312 0 0 0 0 0 0 119 0 22445 1326 0 13854 31879 1337 0 3553 0 8455 0 0 0 0 1146 0 2178 0 0
2602 21943 4702 6926 20479 0 1226 8210 0 5951 1982 0 5495 0 0 0 16712 0 0 0 0 0 0 0 7720 0 0 13258 0 0 9473 0 0 4224 0 8601 3561 7131 0 28507 0 10478 21 0 0 0
9104 7209 7051 6443 10765 785 2936 1527 0 5396 11436 2786 3888 6808 0 16712 0 0 0 0 0 90 2074 0 12084 3378 0 26124 48 3336 251 0 0 3918 1825 8618 139 7792 0 5321 0 6173 4551 0 3456 0
3073 13942 0 0 846 43 25886 968 0 0 0 0 0 3480 0 0 0 0 2610 0 0 0 12836 6837 0 0 4311 0 3581 12509 867 0 0 4255 0 0 0 0 0 0 3 0 5148 0 0 9443
9307 0 0 0 1484 19019 153 0 1471 0 955 160 0 0 2312 0 0 2610 0 0 0 4 20447 21731 44 0 16122 0 7845 3946 52 42 11900 0 727 0 0 8768 6666 2 10290 0 1793 133 0 0
20197 0 0 622 0 0 0 12621 0 0 0 0 507 0 0 0 0 0 0 0 0 0 1369 3761 0 18931 0 79 23830 2974 3606 6088 0 0 15622 0 0 0 0 0 387 0 5137 0 0 876
0 0 15575 0 0 9260 0 0 2283 0 0 0 0 0 0 0 0 0 0 0 0 2265 0 0 9555 0 3808 0 0 0 0 0 9112 0 0 0 0 169 9587 0 0 0 0 0 0 0
0 0 17831 0 0 5150 0 0 6698 0 152 1183 0 2378 0 0 90 0 4 0 2265 0 2520 2831 4198 0 8013 0 2 0 0 0 13995 0 0 807 0 9212 6493 5201 0 0 1409 0 0 0
5341 3235 3322 0 801 13498 19443 4110 373 0 0 0 0 22613 0 0 2074 12836 20447 1369 0 2520 0 48680 0 9270 28325 42 8302 16052 0 1224 3062 397 8408 0 0 1394 2260 7141 788 0 13816 0 0 19494
8810 0 5578 3 1409 21637 37645 0 0 0 0 0 0 21565 0 0 0 6837 21731 3761 0 2831 48680 0 0 9186 51775 0 13804 13368 6062 2068 11486 0 17247 0 0 1182 2942 0 4109 0 7788 0 0 10722
505 14324 42901 2927 22437 3119 0 0 28258 12299 37017 16539 9313 0 0 7720 12084 0 44 0 9555 4198 0 0 0 0 1082 25240 0 0 3309 5101 16443 0 61 21035 7996 19086 3828 2669 315 827 1996 0 14067 0
15511 0 0 9260 0 357 9425 50786 0 3186 0 212 4820 0 119 0 3378 0 0 18931 0 0 9270 9186 0 0 5940 5495 32940 31500 11670 11356 574 4476 12527 0 0 0 0 0 2800 2571 56 4519 0 25706
0 0 29164 0 0 51964 8488 0 2316 0 13 4 0 1355 0 0 0 4311 16122 0 3808 8013 28325 51775 1082 5940 0 0 4149 2467 0 0 18134 0 13 0 0 2756 18619 1137 2806 0 5 0 0 18568
9137 19305 1756 9830 30968 0 1430 175 5 22381 20877 22118 20563 708 22445 13258 26124 0 0 79 0 0 42 0 25240 5495 0 0 1853 1291 25949 2144 0 132 10568 12113 15642 3648 0 5822 915 5170 2299 0 10045 0
11428 0 91 15514 3751 13547 12943 12223 2831 7101 0 0 11821 1975 1326 0 48 3581 7845 23830 0 2 8302 13804 0 32940 4149 1853 0 4000 15844 6094 11394 13273 17144 0 0 5031 2418 169 9973 14221 2837 7137 0 4635
11113 1346 0 2545 0 1207 28746 24441 0 2756 0 0 179 436 0 0 3336 12509 3946 2974 0 0 16052 13368 0 31500 2467 1291 4000 0 10960 0 0 11465 6605 0 0 0 0 0 920 300 1628 69 0 21658
9153 8510 0 30868 2242 244 3644 10889 0 29999 106 9724 17382 0 13854 9473 251 867 52 3606 0 0 0 6062 3309 11670 0 25949 15844 10960 0 15003 0 14012 8404 2648 15385 0 0 8211 3402 12072 3699 0 941 5250
57975 3301 0 10353 0 0 0 70 971 2936 14 28472 0 0 31879 0 0 0 42 6088 0 0 1224 2068 5101 11356 0 2144 6094 0 15003 0 0 0 13056 0 7194 504 0 0 338 0 0 2067 0 0
15111 0 13084 0 0 23104 15 0 21257 0 16 1480 0 0 1337 0 0 0 11900 0 9112 13995 3062 11486 16443 574 18134 0 11394 0 0 0 0 0 400 0 0 15342 20535 903 8731 0 185 98 0 7
2534 17056 0 40006 0 0 10780 24793 0 13001 0 0 13495 620 0 4224 3918 4255 0 0 0 0 397 0 0 4476 0 132 13273 11465 14012 0 0 0 63 240 0 46 0 739 0 25462 450 0 0 0
50714 0 0 2911 0 1674 0 11695 0 926 0 9551 0 0 3553 0 1825 0 727 15622 0 0 8408 17247 61 12527 13 10568 17144 6605 8404 13056 400 63 0 0 101 758 0 0 15326 172 1307 14275 0 2125
0 24503 14 0 22783 0 0 0 5317 18983 15673 4746 9885 0 0 8601 8618 0 0 0 0 807 0 0 21035 0 0 12113 0 0 2648 0 0 240 0 0 977 5794 10513 11030 0 691 0 0 10304 0
7180 6983 0 36614 0 0 0 0 0 18609 7523 23796 17628 0 8455 3561 139 0 0 0 0 0 0 0 7996 0 0 15642 0 0 15385 7194 0 0 101 977 0 0 0 0 0 0 0 0 12630 0
796 6931 5752 181 11304 8187 1071 0 23021 0 6475 9522 0 83 0 7131 7792 0 8768 0 169 9212 1394 1182 19086 0 2756 3648 5031 0 0 504 15342 46 758 5794 0 0 9460 10610 6821 3790 2337 0 0 0
0 6130 85 0 0 25638 0 0 22983 0 11722 7486 0 0 0 0 0 0 6666 0 9587 6493 2260 2942 3828 0 18619 0 2418 0 0 0 20535 0 0 10513 0 9460 0 0 4312 0 92 0 0 0
2108 22204 7850 3526 20202 11308 98 2824 3103 15899 0 0 58 2798 0 28507 5321 0 2 0 0 5201 7141 0 2669 0 1137 5822 169 0 8211 0 903 739 0 11030 0 10610 0 0 1189 7072 3827 0 110 0
14335 0 0 1120 0 14321 0 0 5963 0 0 2246 0 1594 0 0 0 3 10290 387 0 0 788 4109 315 2800 2806 915 9973 920 3402 338 8731 0 15326 0 0 6821 4312 1189 0 0 5320 3599 0 0
2473 1821 0 20650 477 0 980 5226 0 17223 0 0 13093 0 1146 10478 6173 0 0 0 0 0 0 0 827 2571 0 5170 14221 300 12072 0 0 25462 172 691 0 3790 0 7072 0 0 0 0 0 0
6616 336 922 1147 1005 3048 4406 596 34 0 3 0 0 21818 0 21 4551 5148 1793 5137 0 1409 13816 7788 1996 56 5 2299 2837 1628 3699 0 185 450 1307 0 0 2337 92 3827 5320 0 0 0 0 354
14252 0 0 0 0 11411 0 0 0 0 0 588 0 0 2178 0 0 0 133 0 0 0 0 0 0 4519 0 0 7137 69 0 2067 98 0 14275 0 0 0 0 0 3599 0 0 0 0 0
0 8027 0 0 62 0 0 0 0 14807 2333 265 18156 0 0 0 3456 0 0 0 0 0 0 0 14067 0 0 10045 0 0 941 0 0 0 0 10304 12630 0 0 110 0 0 0 0 0 0
3477 0 0 0 0 0 19685 10845 0 0 0 0 0 1138 0 0 0 9443 0 876 0 0 19494 10722 0 25706 18568 0 4635 21658 5250 0 7 0 2125 0 0 0 0 0 0 0 354 0 0 0
