0 0 3509 0 17696 14687 447 42250 0 641 48 15950 0 23583 0 34774 17874 1711 0 8788 14405 0 34028 2994 637 17916 0 0 19101 135 17908 0 74 23443 1249 27582 401 13503 5881 8930 0 1636 987 8877 0 298
0 0 1432 6271 1187 188 19715 0 19166 0 657 1222 0 0 18966 0 1013 317 23560 0 0 3643 533 16263 3369 0 55570 42153 2702 25090 18128 22939 3337 0 29280 0 6853 1413 0 6960 21625 78 0 0 14 540
3509 1432 0 1692 1227 12668 20923 8893 16731 0 0 0 0 0 0 0 1066 6769 891 0 1180 12324 13928 0 0 0 0 3349 5947 18769 0 23434 0 0 3353 7124 0 359 15204 774 0 5270 27801 720 3351 3203
0 6271 1692 0 14814 7692 5052 0 28868 33448 0 13457 3092 0 36373 0 2637 1564 3665 10906 0 347 257 0 34251 0 0 22621 0 0 4880 8623 57306 334 194 0 0 3610 0 2835 4882 0 0 0 0 10174
17696 1187 1227 14814 0 18717 6469 6096 0 30772 661 44204 599 20866 0 4871 13427 13160 0 9111 0 0 3840 180 21124 6443 0 626 9736 15 5373 0 9092 529 0 4691 0 16300 5964 10425 0 16814 0 0 0 24140
14687 188 12668 7692 18717 0 6967 17192 6164 3910 7894 18978 0 262 0 1710 15738 33638 519 0 4853 2965 14459 14824 2414 2989 2462 62 7964 2530 1579 1294 210 13 10727 6889 5699 4908 12121 621 1900 2861 1571 410 2616 36932
447 19715 20923 5052 6469 6967 0 7445 9386 0 1751 9314 0 1422 0 0 14539 5214 7399 0 2487 7481 10220 3807 0 0 2485 19330 1869 29080 6089 10044 8366 0 11029 2490 3771 15857 4702 22064 0 4773 13856 0 14274 4913
42250 0 8893 0 6096 17192 7445 0 1082 263 394 8817 0 12117 0 10855 8413 10887 1202 2019 23307 5324 11797 1289 0 8809 0 4179 8895 5722 5568 0 0 9428 3511 25434 1710 6134 738 1013 0 2274 2598 2462 2949 2885
0 19166 16731 28868 0 6164 9386 1082 0 1271 0 1544 0 0 7883 0 0 727 2 0 0 2609 787 0 5404 0 222 1580 0 2155 0 35845 10288 0 1504 4315 0 0 866 148 0 153 1930 1216 0 1466
641 0 0 33448 30772 3910 0 263 1271 0 0 17893 7330 0 0 0 517 108 0 22839 17 0 0 0 30911 0 0 12541 0 0 0 13 22150 1539 0 877 0 101 0 288 0 0 0 0 0 15068
48 657 0 0 661 7894 1751 394 0 0 0 0 39 0 0 0 0 0 0 0 0 0 0 11554 2245 39203 17624 0 15303 801 2744 0 0 0 5440 0 19884 441 20520 0 1659 10419 1409 0 10069 0
15950 1222 0 13457 44204 18978 9314 8817 1544 17893 0 0 0 226 0 1827 22038 10287 0 10236 1950 1 596 0 14583 1161 0 5440 0 0 0 4362 3919 9720 0 13564 0 20687 0 2235 0 0 0 0 0 23506
0 0 0 3092 599 0 0 0 0 7330 39 0 0 0 0 0 596 0 0 6583 0 0 0 5083 22910 0 0 5215 3047 0 6544 0 1214 15034 1445 0 0 0 0 5694 0 0 0 0 0 0
23583 0 0 0 20866 262 1422 12117 0 0 0 226 0 0 0 5843 1082 0 0 0 527 0 8327 0 0 0 0 0 8059 0 62 0 0 217 0 15808 0 3998 307 0 0 237 0 0 0 0
0 18966 0 36373 0 0 0 0 7883 0 0 0 0 0 0 0 0 0 7488 0 0 0 0 0 11846 0 377 10998 0 0 10278 687 20944 2521 1735 0 0 0 0 0 7479 0 0 0 0 0
34774 0 0 0 4871 1710 0 10855 0 0 0 1827 0 5843 0 0 9734 0 0 1031 86 0 0 13313 11462 19675 0 0 24434 322 6369 0 0 16768 2011 953 0 2767 0 5852 0 645 0 0 0 0
17874 1013 1066 2637 13427 15738 14539 8413 0 517 0 22038 596 1082 0 9734 0 11935 0 7403 3255 0 4103 1752 4258 282 0 360 543 3616 6165 234 580 12525 85 1113 870 18386 0 12090 0 54 0 60 0 18067
1711 317 6769 1564 13160 33638 5214 10887 727 108 0 10287 0 0 0 0 11935 0 982 0 8456 938 20121 0 69 0 0 0 0 0 0 2752 0 916 1416 441 0 3804 0 401 0 0 741 10450 0 20797
0 23560 891 3665 0 519 7399 1202 2 0 0 0 0 0 7488 0 0 982 0 0 277 255 1978 7055 232 0 30781 15837 0 5305 9708 0 0 0 10625 1 757 0 0 2339 15493 164 0 0 1364 0
8788 0 0 10906 9111 0 0 2019 0 22839 0 10236 6583 0 0 1031 7403 0 0 0 1003 0 0 0 19862 0 0 5725 0 0 52 0 5765 14948 0 497 0 1528 0 3141 0 0 0 0 0 0
14405 0 1180 0 0 4853 2487 23307 0 17 0 1950 0 527 0 86 3255 8456 277 1003 0 0 6958 0 0 0 0 0 0 0 0 0 0 2805 0 6059 0 889 0 0 0 0 0 957 0 1482
0 3643 12324 347 0 2965 7481 5324 2609 0 0 1 0 0 0 0 0 938 255 0 0 0 1454 0 0 0 0 495 0 2 0 11638 0 0 4152 0 0 0 0 5343 0 838 13188 0 791 0
34028 533 13928 257 3840 14459 10220 11797 787 0 0 596 0 8327 0 0 4103 20121 1978 0 6958 1454 0 0 0 0 0 712 19067 5343 491 4413 0 0 2914 18378 0 5124 8574 1799 0 617 715 12913 927 15684
2994 16263 0 0 180 14824 3807 1289 0 0 11554 0 5083 0 0 13313 1752 0 7055 0 0 0 0 0 20425 15325 30689 39 58979 5964 21538 0 751 4119 25985 0 45184 2873 1641 3458 14777 4958 0 0 1259 0
637 3369 0 34251 21124 2414 0 0 5404 30911 2245 14583 22910 0 11846 11462 4258 69 232 19862 0 0 0 20425 0 3510 0 14837 35180 12 40379 1474 33873 31419 9698 0 364 0 0 9098 9862 0 0 0 0 2293
17916 0 0 0 6443 2989 0 8809 0 0 39203 1161 0 0 0 19675 282 0 0 0 0 0 0 15325 3510 0 4406 0 33217 388 9911 0 0 7270 1610 0 5117 5888 6878 4569 0 17605 0 0 5895 0
0 55570 0 0 0 2462 2485 0 222 0 17624 0 0 0 377 0 0 0 30781 0 0 0 0 30689 0 4406 0 27885 216 20562 4921 669 2143 0 20378 0 8519 0 4725 535 19990 267 0 0 4070 0
0 42153 3349 22621 626 62 19330 4179 1580 12541 0 5440 5215 0 10998 0 360 0 15837 5725 0 495 712 39 14837 0 27885 0 0 43302 3395 1311 25795 715 28705 0 28 1704 1177 9188 3380 2459 1467 0 10372 7762
19101 2702 5947 0 9736 7964 1869 8895 0 0 15303 0 3047 8059 0 24434 543 0 0 0 0 0 19067 58979 35180 33217 216 0 0 1930 24299 0 0 3013 12547 2951 9860 6592 12244 122 0 8041 524 0 687 0
135 25090 18769 0 15 2530 29080 5722 2155 0 801 0 0 0 0 322 3616 0 5305 0 0 2 5343 5964 12 388 20562 43302 1930 0 5182 521 5045 0 10302 0 4973 16280 8586 3483 390 2511 18020 0 12784 0
17908 18128 0 4880 5373 1579 6089 5568 0 0 2744 0 6544 62 10278 6369 6165 0 9708 52 0 0 491 21538 40379 9911 4921 3395 24299 5182 0 0 14166 2455 9573 0 2522 18645 0 15662 21149 0 0 0 0 0
0 22939 23434 8623 0 1294 10044 0 35845 13 0 4362 0 0 687 0 234 2752 0 0 0 11638 4413 0 1474 0 669 1311 0 521 0 0 1819 0 2383 0 0 0 0 10596 0 1802 0 0 0 11795
74 3337 0 57306 9092 210 8366 0 10288 22150 0 3919 1214 0 20944 0 580 0 0 5765 0 0 0 751 33873 0 2143 25795 0 5045 14166 1819 0 5046 3237 0 5834 9153 0 19368 663 0 0 0 0 6249
23443 0 0 334 529 13 0 9428 0 1539 0 9720 15034 217 2521 16768 12525 916 0 14948 2805 0 0 4119 31419 7270 0 715 3013 0 2455 0 5046 0 1512 943 0 1694 0 7396 0 0 0 0 0 0
1249 29280 3353 194 0 10727 11029 3511 1504 0 5440 0 1445 0 1735 2011 85 1416 10625 0 0 4152 2914 25985 9698 1610 20378 28705 12547 10302 9573 2383 3237 1512 0 1187 14406 127 938 2812 4630 3611 4065 2483 2668 0
27582 0 7124 0 4691 6889 2490 25434 4315 877 0 13564 0 15808 0 953 1113 441 1 497 6059 0 18378 0 0 0 0 0 2951 0 0 0 0 943 1187 0 0 6564 7362 0 0 5 0 5455 0 0
401 6853 0 0 0 5699 3771 1710 0 0 19884 0 0 0 0 0 870 0 757 0 0 0 0 45184 364 5117 8519 28 9860 4973 2522 0 5834 0 14406 0 0 3742 742 162 4322 3901 0 0 0 0
13503 1413 359 3610 16300 4908 15857 6134 0 101 441 20687 0 3998 0 2767 18386 3804 0 1528 889 0 5124 2873 0 5888 0 1704 6592 16280 18645 0 9153 1694 127 6564 3742 0 3715 17403 0 3963 0 0 4584 6455
5881 0 15204 0 5964 12121 4702 738 866 0 20520 0 0 307 0 0 0 0 0 0 0 0 8574 1641 0 6878 4725 1177 12244 8586 0 0 0 0 938 7362 742 3715 0 0 0 7773 11931 0 6448 0
8930 6960 774 2835 10425 621 22064 1013 148 288 0 2235 5694 0 0 5852 12090 401 2339 3141 0 5343 1799 3458 9098 4569 535 9188 122 3483 15662 10596 19368 7396 2812 0 162 17403 0 0 0 75 0 0 1078 357
0 21625 0 4882 0 1900 0 0 0 0 1659 0 0 0 7479 0 0 0 15493 0 0 0 0 14777 9862 0 19990 3380 0 390 21149 0 663 0 4630 0 4322 0 0 0 0 0 0 0 3 0
1636 78 5270 0 16814 2861 4773 2274 153 0 10419 0 0 237 0 645 54 0 164 0 0 838 617 4958 0 17605 267 2459 8041 2511 0 1802 0 0 3611 5 3901 3963 7773 75 0 0 17 0 8494 0
987 0 27801 0 0 1571 13856 2598 1930 0 1409 0 0 0 0 0 0 741 0 0 0 13188 715 0 0 0 0 1467 524 18020 0 0 0 0 4065 0 0 0 11931 0 0 17 0 409 4653 0
8877 0 720 0 0 410 0 2462 1216 0 0 0 0 0 0 0 60 10450 0 0 957 0 12913 0 0 0 0 0 0 0 0 0 0 0 2483 5455 0 0 0 0 0 0 409 0 0 0
0 14 3351 0 0 2616 14274 2949 0 0 10069 0 0 0 0 0 0 0 1364 0 0 791 927 1259 0 5895 4070 10372 687 12784 0 0 0 0 2668 0 0 4584 6448 1078 3 8494 4653 0 0 0
298 540 3203 10174 24140 36932 4913 2885 1466 15068 0 23506 0 0 0 0 18067 20797 0 0 1482 0 15684 0 2293 0 0 7762 0 0 0 11795 6249 0 0 0 0 6455 0 357 0 0 0 0 0 0
