0 23150 31093 3755 0 0 21900 0 15038 0 176 3259 0 4059 941 9362 0 448 23304 0 3471 0 9679 10556 0 6439 0 25791 2802 0 0 27784 0 30397 0 0 490 12414 155 4884 42755 20297 0 569 3099 18502
23150 0 0 0 50728 40110 1431 359 19784 767 9103 0 0 0 17619 13045 16079 0 1072 22979 0 0 1875 0 1416 13714 294 3095 39231 8 0 19750 0 8565 10437 0 393 254 3964 0 1904 0 11875 0 448 7598
31093 0 0 13249 902 0 7449 7841 0 0 5089 19190 0 0 179 0 0 4301 12 0 0 195 0 69127 27302 0 257 38332 5480 412 432 1700 0 16504 0 0 0 24809 0 0 11824 21108 0 7539 0 2803
3755 0 13249 0 75 0 24839 0 0 0 0 29497 2478 250 3598 0 0 0 0 0 0 0 6335 17062 6527 0 23741 2046 0 0 13769 0 34705 0 0 0 0 9479 11926 0 0 4759 171 8154 0 13031
0 50728 902 75 0 17260 0 13475 1711 453 13173 12911 0 0 25830 3 17899 4228 0 14773 0 3098 0 5133 11996 0 254 0 25940 11301 7796 970 104 135 17877 231 0 15979 4293 0 0 5397 11950 0 0 0
0 40110 0 0 17260 0 2344 22372 9888 33364 1252 0 5 0 9212 475 1083 1978 50 44909 0 0 0 0 3123 7536 4460 0 3286 3402 4554 0 15034 0 38797 1742 7119 0 9834 9941 0 597 9777 0 1 0
21900 1431 7449 24839 0 2344 0 0 0 18141 0 5307 17863 15508 0 1714 0 0 4874 0 1557 0 5291 1365 5416 13187 28053 8636 0 0 168 0 17424 2838 14080 16721 5015 7820 18898 21840 15632 0 1760 7616 0 2703
0 359 7841 0 13475 22372 0 0 0 7481 5359 1969 0 0 18727 0 0 10592 0 3131 0 0 0 50 27231 0 0 0 1449 54905 17447 0 0 0 1902 1069 0 0 0 0 0 0 16004 0 0 0
15038 19784 0 0 1711 9888 0 0 0 187 5231 25 0 0 8531 18730 6535 0 1351 0 286 0 20895 0 0 50391 0 3348 14686 0 0 36897 0 1167 4691 0 4125 35 171 460 3307 0 0 0 9202 3471
0 767 0 0 453 33364 18141 7481 187 0 0 0 9491 201 504 5258 0 325 7235 15535 0 0 0 0 20233 2582 7492 0 4 1719 7686 0 18453 0 18512 35607 4873 0 7581 13988 0 59 7811 0 1994 0
176 9103 5089 0 13173 1252 0 5359 5231 0 0 8017 0 0 7145 6033 10642 0 0 845 0 23792 6 7179 20374 0 0 7534 17884 16303 0 1065 0 7647 4365 0 0 8464 35 0 0 0 0 0 0 1448
3259 0 19190 29497 12911 0 5307 1969 25 0 8017 0 2211 2491 4682 0 4734 7551 278 0 0 27 0 40950 20521 0 11996 4069 13010 419 5177 772 4301 2681 477 0 0 17119 2368 0 0 5503 3341 3945 0 5859
0 0 0 2478 0 5 17863 0 0 9491 0 2211 0 25053 0 5012 0 251 9422 0 144 0 4251 0 681 16604 21851 0 0 0 6722 0 4377 0 3250 16983 6361 0 6267 12246 390 548 1246 0 490 0
4059 0 0 250 0 0 15508 0 0 201 0 2491 25053 0 5571 0 0 0 5380 0 5222 0 26398 0 0 3387 16417 1376 0 0 0 0 5354 195 4906 0 10275 0 6436 8679 13727 1529 0 0 773 0
941 17619 179 3598 25830 9212 0 18727 8531 504 7145 4682 0 5571 0 2212 2061 583 2298 1736 0 0 0 87 1929 5883 3680 70 15437 5412 0 1412 2384 1107 4985 0 1901 3577 4770 0 0 3903 9061 0 23 0
9362 13045 0 0 3 475 1714 0 18730 5258 6033 0 5012 0 2212 0 0 0 10379 0 0 0 12892 0 0 14334 5470 784 4648 0 0 21301 0 1970 105 3192 8901 0 2027 3899 191 10107 0 0 9168 2654
0 16079 0 0 17899 1083 0 0 6535 0 10642 4734 0 0 2061 0 0 320 0 21 0 16501 0 1594 2742 5010 0 132 20900 5825 0 3857 0 0 720 0 1007 13792 0 0 0 0 0 0 0 0
448 0 4301 0 4228 1978 0 10592 0 325 0 7551 251 0 583 0 320 0 0 1514 0 0 0 6671 13765 0 0 3631 5751 10177 27643 1031 0 1558 41 10083 0 2234 0 0 0 1240 0 291 0 0
23304 1072 12 0 0 50 4874 0 1351 7235 0 278 9422 5380 2298 10379 0 0 0 0 18 0 2597 0 0 12417 4414 0 949 0 0 206 0 4710 3737 914 6101 1386 4532 5407 1798 7142 0 0 11116 0
0 22979 0 0 14773 44909 0 3131 0 15535 845 0 0 0 1736 0 21 1514 0 0 0 0 0 0 6032 0 839 0 54 241 8022 0 666 0 21360 4846 660 0 5038 885 0 39 1341 0 0 0
3471 0 0 0 0 0 1557 0 286 0 0 0 144 5222 0 0 0 0 18 0 0 0 20086 0 0 2255 0 0 0 0 0 0 0 0 0 0 3930 0 0 5882 5703 0 0 0 5150 0
0 0 195 0 3098 0 0 0 0 0 23792 27 0 0 0 0 16501 0 0 0 0 0 0 4684 4399 0 0 1664 12446 141 0 0 0 486 34 0 0 4278 0 0 0 0 0 0 0 0
9679 1875 0 6335 0 0 5291 0 20895 0 6 0 4251 26398 0 12892 0 0 2597 0 20086 0 0 0 0 10735 7402 5337 0 0 0 16404 52 0 0 0 12311 0 474 15842 9216 0 0 123 10556 1483
10556 0 69127 17062 5133 0 1365 50 0 0 7179 40950 0 0 87 0 1594 6671 0 0 0 4684 0 0 42493 0 3239 8955 6456 4003 1216 49 357 12735 0 0 0 3806 0 0 253 20191 235 8501 0 19913
0 1416 27302 6527 11996 3123 5416 27231 0 20233 20374 20521 681 0 1929 0 2742 13765 0 6032 0 4399 0 42493 0 0 1964 0 1629 43171 38455 0 7769 0 9874 29700 1794 2210 36 5703 0 0 352 4884 0 1572
6439 13714 0 0 0 7536 13187 0 50391 2582 0 0 16604 3387 5883 14334 5010 0 12417 0 2255 0 10735 0 0 0 20782 0 20172 0 0 10719 2121 0 6877 14409 29611 0 6790 23290 0 0 0 0 14015 0
0 294 257 23741 254 4460 28053 0 0 7492 0 11996 21851 16417 3680 5470 0 0 4414 839 0 0 7402 3239 1964 20782 0 7647 32 0 359 361 19809 10 5206 3652 21234 886 15969 4837 1459 1244 31 5729 1087 6627
25791 3095 38332 2046 0 0 8636 0 3348 0 7534 4069 0 1376 70 784 132 3631 0 0 0 1664 5337 8955 0 0 7647 0 12454 0 0 12154 0 30037 0 0 0 17022 0 0 26455 5641 0 9 0 2439
2802 39231 5480 0 25940 3286 0 1449 14686 4 17884 13010 0 0 15437 4648 20900 5751 949 54 0 12446 0 6456 1629 20172 32 12454 0 6484 0 23537 0 3048 302 0 0 22019 5194 0 0 11107 0 0 528 0
0 8 412 0 11301 3402 0 54905 0 1719 16303 419 0 0 5412 0 5825 10177 0 241 0 141 0 4003 43171 0 0 0 6484 0 3525 0 0 0 182 6917 0 4490 0 2612 0 0 1392 948 0 0
0 0 432 13769 7796 4554 168 17447 0 7686 0 5177 6722 0 0 0 0 27643 0 8022 0 0 0 1216 38455 0 359 0 0 3525 0 0 7679 0 7391 15776 455 0 41 340 0 0 1054 0 0 1909
27784 19750 1700 0 970 0 0 0 36897 0 1065 772 0 0 1412 21301 3857 1031 206 0 0 0 16404 49 0 10719 361 12154 23537 0 0 0 0 5150 17 0 613 3198 48 0 218 5367 0 0 15301 254
0 0 0 34705 104 15034 17424 0 0 18453 0 4301 4377 5354 2384 0 0 0 0 666 0 0 52 357 7769 2121 19809 0 0 0 7679 0 0 0 5939 7229 6915 0 28984 14530 0 807 3237 0 0 3195
30397 8565 16504 0 135 0 2838 0 1167 0 7647 2681 0 195 1107 1970 0 1558 4710 0 0 486 0 12735 0 0 10 30037 3048 0 0 5150 0 0 0 0 0 6264 0 0 507 10247 0 0 0 24432
0 10437 0 0 17877 38797 14080 1902 4691 18512 4365 477 3250 4906 4985 105 720 41 3737 21360 0 34 0 0 9874 6877 5206 0 302 182 7391 17 5939 0 0 15044 1215 0 13099 7352 0 184 1737 0 629 0
0 0 0 0 231 1742 16721 1069 0 35607 0 0 16983 0 0 3192 0 10083 914 4846 0 0 0 0 29700 14409 3652 0 0 6917 15776 0 7229 0 15044 0 897 0 3606 18350 0 0 246 0 0 0
490 393 0 0 0 7119 5015 0 4125 4873 0 0 6361 10275 1901 8901 1007 0 6101 660 3930 0 12311 0 1794 29611 21234 0 0 0 455 613 6915 0 1215 897 0 0 0 13537 949 0 0 0 2923 0
12414 254 24809 9479 15979 0 7820 0 35 0 8464 17119 0 0 3577 0 13792 2234 1386 0 0 4278 0 3806 2210 0 886 17022 22019 4490 0 3198 0 6264 0 0 0 0 310 0 2240 5249 0 4923 0 4565
155 3964 0 11926 4293 9834 18898 0 171 7581 35 2368 6267 6436 4770 2027 0 0 4532 5038 0 0 474 0 36 6790 15969 0 5194 0 41 48 28984 0 13099 3606 0 310 0 5704 0 4443 2702 0 0 0
4884 0 0 0 0 9941 21840 0 460 13988 0 0 12246 8679 0 3899 0 0 5407 885 5882 0 15842 0 5703 23290 4837 0 0 2612 340 0 14530 0 7352 18350 13537 0 5704 0 7219 0 0 0 1348 0
42755 1904 11824 0 0 0 15632 0 3307 0 0 0 390 13727 0 191 0 0 1798 0 5703 0 9216 253 0 0 1459 26455 0 0 0 218 0 507 0 0 949 2240 0 7219 0 0 0 0 0 219
20297 0 21108 4759 5397 597 0 0 0 59 0 5503 548 1529 3903 10107 0 1240 7142 39 0 0 0 20191 0 0 1244 5641 11107 0 0 5367 807 10247 184 0 0 5249 4443 0 0 0 181 0 1336 1001
0 11875 0 171 11950 9777 1760 16004 0 7811 0 3341 1246 0 9061 0 0 0 0 1341 0 0 0 235 352 0 31 0 0 1392 1054 0 3237 0 1737 246 0 0 2702 0 0 181 0 0 0 23
569 0 7539 8154 0 0 7616 0 0 0 0 3945 0 0 0 0 0 291 0 0 0 0 123 8501 4884 0 5729 9 0 948 0 0 0 0 0 0 0 4923 0 0 0 0 0 0 0 7001
3099 448 0 0 0 1 0 0 9202 1994 0 0 490 773 23 9168 0 0 11116 0 5150 0 10556 0 0 14015 1087 0 528 0 0 15301 0 0 629 0 2923 0 0 1348 0 1336 0 0 0 0
18502 7598 2803 13031 0 0 2703 0 3471 0 1448 5859 0 0 0 2654 0 0 0 0 0 0 1483 19913 1572 0 6627 2439 0 0 1909 254 3195 24432 0 0 0 4565 0 0 219 1001 23 7001 0 0
