0 21814 19669 2028 8007 124 0 18915 0 0 55438 1075 13812 4862 12961 545 13263 0 2785 2985 0 0 0 0 4015 202 0 1047 0 16652 13253 4477 29708 1 51134 0 19827 0 366 31040 17531 8810 0 0 0 1024
21814 0 4387 3 49140 2259 40543 143 291 2975 2263 0 10956 19739 0 8112 865 0 3570 2942 0 0 4533 16051 20003 4904 0 5529 4 5510 36101 0 0 0 43475 11047 14295 40976 8108 1247 0 5445 0 4870 1896 2569
19669 4387 0 0 0 25221 5900 7981 0 9408 8319 295 6789 0 0 2438 0 0 3 0 3767 0 1225 0 44319 0 0 199 0 29639 6692 5420 34792 1995 0 0 584 0 11530 5 20374 2009 11 6144 0 26372
2028 3 0 0 0 24279 0 4264 8124 0 2042 4136 91 7451 20953 183 23951 965 3850 5469 4 0 13832 0 0 55241 27535 708 8868 764 0 3111 119 27838 6384 1117 0 0 0 2260 3987 0 0 0 9425 0
8007 49140 0 0 0 0 23513 0 0 3380 159 0 0 6804 0 0 0 2844 1311 0 0 0 1977 27982 0 942 6799 2920 7401 838 1058 0 0 0 25306 22286 0 15156 31 8 0 808 0 0 0 0
124 2259 25221 24279 0 0 1706 10785 3684 4257 0 24310 5068 0 0 5560 0 1094 944 0 5661 5046 13888 10481 43495 616 37046 5419 419 26392 22 1311 4040 12882 0 0 0 0 4800 1863 0 12 6122 0 4499 1060
0 40543 5900 0 23513 1706 0 0 0 34086 0 0 9112 0 0 9371 0 9 16978 0 0 143 18031 25561 15056 0 0 8 923 12 23527 0 0 0 40 9826 6108 15156 16290 1110 0 7674 508 6804 6657 6895
18915 143 7981 4264 0 10785 0 0 0 0 11007 6522 3214 2614 0 1354 5216 0 624 367 319 0 16835 0 10501 1661 65 0 0 6676 3636 40079 22016 27150 0 0 2225 0 13 6236 13346 11844 837 0 0 258
0 291 0 8124 0 3684 0 0 0 0 0 20880 0 0 12040 1479 0 16548 209 4493 0 95 12963 7239 2286 1446 28680 1851 27993 4172 0 0 0 21716 1907 2559 5428 3740 0 0 0 5 3739 0 912 0
0 2975 9408 0 3380 4257 34086 0 0 0 0 0 2537 0 0 1828 0 0 9067 0 0 5973 9873 7805 1155 0 0 6271 0 0 2409 0 0 0 0 0 5 0 9677 330 0 2242 13159 599 106 18048
55438 2263 8319 2042 159 0 0 11007 0 0 0 0 14581 5913 7019 0 2536 0 874 592 0 0 0 0 0 582 0 0 0 10083 1620 0 9185 0 21638 0 8226 0 0 22119 9277 8685 0 1128 0 592
1075 0 295 4136 0 24310 0 6522 20880 0 0 0 0 0 0 11785 1405 2558 164 0 6420 3961 18294 22917 11288 0 2960 10026 16934 12905 0 14453 6997 13027 0 777 0 0 0 3365 237 5696 8330 0 2812 0
13812 10956 6789 91 0 5068 9112 3214 0 2537 14581 0 0 0 898 8653 188 0 3413 0 0 0 0 0 22664 0 0 1043 0 7251 14350 0 2121 0 3495 0 15499 0 9780 7341 1278 4742 1388 9040 0 11278
4862 19739 0 7451 6804 0 0 2614 0 0 5913 0 0 0 1895 0 17227 0 0 2715 0 0 0 0 0 19950 0 275 0 0 0 5073 0 10150 12582 0 0 0 0 556 1855 0 0 0 0 0
12961 0 0 20953 0 0 0 0 12040 0 7019 0 898 1895 0 0 9263 1916 6353 20559 0 0 0 229 11 32005 13076 3675 11426 1087 0 0 175 0 15001 4003 6713 0 0 2765 583 0 55 0 2701 0
545 8112 2438 183 0 5560 9371 1354 1479 1828 0 11785 8653 0 0 0 0 3014 5183 0 118 3780 11216 12585 5163 0 2003 1888 13955 7638 20946 0 0 954 0 0 8130 415 12468 1229 0 8178 9094 165 3859 646
13263 865 0 23951 0 0 0 5216 0 0 2536 1405 188 17227 9263 0 0 0 8370 13840 0 0 0 0 2709 17437 4 12284 0 5051 0 5780 184 13958 8272 0 0 0 0 5926 6584 85 0 0 0 0
0 0 0 965 2844 1094 9 0 16548 0 0 2558 0 0 1916 3014 0 0 208 0 0 392 3246 17605 0 1960 16298 2916 59374 0 0 0 0 0 0 1538 0 0 0 0 0 3348 3049 0 4147 0
2785 3570 3 3850 1311 944 16978 624 209 9067 874 164 3413 0 6353 5183 8370 208 0 8753 0 2181 1298 7269 5197 6353 12 9137 2753 9324 3219 740 4952 0 3469 3595 1050 1110 4557 7449 330 3639 4809 3542 875 1785
2985 2942 0 5469 0 0 0 367 4493 0 592 0 0 2715 20559 0 13840 0 8753 0 0 0 0 0 739 15377 3072 14601 539 0 0 363 0 311 563 1650 8839 1128 0 528 145 0 0 0 21 0
0 0 3767 4 0 5661 0 319 0 0 0 6420 0 0 0 118 0 0 0 0 0 0 4290 838 12640 0 0 0 0 15594 0 111 8077 0 0 0 0 0 0 2102 0 0 0 0 0 33
0 0 0 0 0 5046 143 0 95 5973 0 3961 0 0 0 3780 0 392 2181 0 0 0 3102 23721 5121 0 0 13109 1963 5246 0 0 0 0 0 0 0 0 7273 0 0 99 11401 0 3627 0
0 4533 1225 13832 1977 13888 18031 16835 12963 9873 0 18294 0 0 0 11216 0 3246 1298 0 4290 3102 0 20324 5742 0 8733 8359 12686 2886 5427 9690 11003 25886 0 0 0 2547 8274 1145 0 980 0 0 259 0
0 16051 0 0 27982 10481 25561 0 7239 7805 0 22917 0 0 229 12585 0 17605 7269 0 838 23721 20324 0 1835 0 7835 27488 33609 15023 0 0 0 166 279 14518 406 4569 5467 878 0 12257 11141 0 4643 0
4015 20003 44319 0 0 43495 15056 10501 2286 1155 0 11288 22664 0 11 5163 2709 0 5197 739 12640 5121 5742 1835 0 0 770 21748 0 41426 5348 10192 24667 357 0 0 1646 0 7152 11301 683 97 5605 5670 3240 29024
202 4904 0 55241 942 616 0 1661 1446 0 582 0 0 19950 32005 0 17437 1960 6353 15377 0 0 0 0 0 0 11798 4427 5806 0 0 2637 0 7989 3704 0 1142 0 0 0 0 0 71 0 1957 0
0 0 0 27535 6799 37046 0 65 28680 0 0 2960 0 0 13076 2003 4 16298 12 3072 0 0 8733 7835 770 11798 0 0 32077 0 0 723 0 14482 0 21812 900 156 0 566 0 0 8578 0 18441 0
1047 5529 199 708 2920 5419 8 0 1851 6271 0 10026 1043 275 3675 1888 12284 2916 9137 14601 0 13109 8359 27488 21748 4427 0 0 4267 1910 0 0 0 0 9792 6032 3726 7748 5698 10 0 152 17053 0 9096 5605
0 4 0 8868 7401 419 923 0 27993 0 0 16934 0 0 11426 13955 0 59374 2753 539 0 1963 12686 33609 0 5806 32077 4267 0 0 0 0 0 2802 0 6290 830 0 0 0 0 15044 11200 0 9208 0
16652 5510 29639 764 838 26392 12 6676 4172 0 10083 12905 7251 0 1087 7638 5051 0 9324 0 15594 5246 2886 15023 41426 0 0 1910 0 0 14 1701 16040 28 8270 0 3591 2503 0 28881 1518 5856 1661 0 2626 0
13253 36101 6692 0 1058 22 23527 3636 0 2409 1620 0 14350 0 0 20946 0 0 3219 0 0 0 5427 0 5348 0 0 0 0 14 0 0 1605 0 752 0 27922 17465 14070 5 18 7938 0 1669 0 7583
4477 0 5420 3111 0 1311 0 40079 0 0 0 14453 0 5073 0 0 5780 0 740 363 111 0 9690 0 10192 2637 723 0 0 1701 0 0 16743 31335 279 0 0 0 0 2883 16264 0 0 0 0 0
29708 0 34792 119 0 4040 0 22016 0 0 9185 6997 2121 0 175 0 184 0 4952 0 8077 0 11003 0 24667 0 0 0 0 16040 1605 16743 0 3063 641 0 0 0 0 7840 12041 2887 0 0 0 0
1 0 1995 27838 0 12882 0 27150 21716 0 0 13027 0 10150 0 954 13958 0 0 311 0 0 25886 166 357 7989 14482 0 2802 28 0 31335 3063 0 2 0 0 0 0 297 9043 352 3709 0 2698 0
51134 43475 0 6384 25306 0 40 0 1907 0 21638 0 3495 12582 15001 0 8272 0 3469 563 0 0 0 279 0 3704 0 9792 0 8270 752 279 641 2 0 794 9058 13255 0 17402 734 2331 0 0 0 0
0 11047 0 1117 22286 0 9826 0 2559 0 0 777 0 0 4003 0 0 1538 3595 1650 0 0 0 14518 0 0 21812 6032 6290 0 0 0 0 0 794 0 3333 8022 0 0 0 621 7 730 2350 0
19827 14295 584 0 0 0 6108 2225 5428 5 8226 0 15499 0 6713 8130 0 0 1050 8839 0 0 0 406 1646 1142 900 3726 830 3591 27922 0 0 0 9058 3333 0 9242 4631 4684 0 6220 0 2140 5759 0
0 40976 0 0 15156 0 15156 0 3740 0 0 0 0 0 0 415 0 0 1110 1128 0 0 2547 4569 0 0 156 7748 0 2503 17465 0 0 0 13255 8022 9242 0 0 0 0 4846 0 2038 915 0
366 8108 11530 0 31 4800 16290 13 0 9677 0 0 9780 0 0 12468 0 0 4557 0 0 7273 8274 5467 7152 0 0 5698 0 0 14070 0 0 0 0 0 4631 0 0 0 0 0 2976 3264 7 21595
31040 1247 5 2260 8 1863 1110 6236 0 330 22119 3365 7341 556 2765 1229 5926 0 7449 528 2102 0 1145 878 11301 0 566 10 0 28881 5 2883 7840 297 17402 0 4684 0 0 0 4056 7308 2330 96 0 0
17531 0 20374 3987 0 0 0 13346 0 0 9277 237 1278 1855 583 0 6584 0 330 145 0 0 0 0 683 0 0 0 0 1518 18 16264 12041 9043 734 0 0 0 0 4056 0 2662 0 0 0 0
8810 5445 2009 0 808 12 7674 11844 5 2242 8685 5696 4742 0 0 8178 85 3348 3639 0 0 99 980 12257 97 0 0 152 15044 5856 7938 0 2887 352 2331 621 6220 4846 0 7308 2662 0 1658 55 795 0
0 0 11 0 0 6122 508 837 3739 13159 0 8330 1388 0 55 9094 0 3049 4809 0 0 11401 0 11141 5605 71 8578 17053 11200 1661 0 0 0 3709 0 7 0 0 2976 2330 0 1658 0 0 8359 192
0 4870 6144 0 0 0 6804 0 0 599 1128 0 9040 0 0 165 0 0 3542 0 0 0 0 0 5670 0 0 0 0 0 1669 0 0 0 0 730 2140 2038 3264 96 0 55 0 0 770 5641
0 1896 0 9425 0 4499 6657 0 912 106 0 2812 0 0 2701 3859 0 4147 875 21 0 3627 259 4643 3240 1957 18441 9096 9208 2626 0 0 0 2698 0 2350 5759 915 7 0 0 795 8359 770 0 0
1024 2569 26372 0 0 1060 6895 258 0 18048 592 0 11278 0 0 646 0 0 1785 0 33 0 0 0 29024 0 0 5605 0 0 7583 0 0 0 0 0 0 0 21595 0 0 0 192 5641 0 0
