0 28 0 8382 45585 0 13948 0 7052 52386 0 5297 0 0 0 51 9761 24284 0 15718 160 3632 6314 0 1349 0 1870 31477 6003 80 0 0 18890 0 1126 914 22522 16580 9619 0 0 0 1301 0 6101 0
28 0 20750 3050 11842 658 24187 33350 554 0 0 12241 436 30688 5258 9583 6467 0 763 43 2826 0 5697 21622 4690 25283 20784 11389 0 5430 32637 35172 11432 659 4623 17248 343 0 0 6037 21747 7535 0 6557 106 599
0 20750 0 1560 0 17059 0 22193 16985 0 39486 0 243 2832 17832 0 0 0 30207 0 0 35 0 1703 13317 9524 3144 2620 1056 1 2225 91 18 35702 9685 0 0 0 0 7477 3917 11043 0 10879 0 0
8382 3050 1560 0 3800 5652 1865 0 2336 515 2441 3848 0 7225 0 0 0 13054 0 13149 0 9569 0 0 4250 6540 0 14217 52510 10150 7 25154 24060 2900 0 0 0 3898 20670 15918 0 0 10873 0 0 4442
45585 11842 0 3800 0 73 4789 996 5711 12718 0 38738 0 4600 0 0 13800 155 0 22707 4445 1832 2210 3873 470 3798 34802 21598 7809 2750 5797 10812 15001 0 0 0 6096 5699 1306 0 0 0 2 0 0 5598
0 658 17059 5652 73 0 0 7827 27811 1485 44384 0 12931 736 11779 1181 0 7330 7970 0 0 130 2607 10973 22339 5472 5066 0 7121 9779 34 0 0 11928 5251 0 0 6369 3797 6801 0 12836 3553 1235 563 0
13948 24187 0 1865 4789 0 0 3313 6135 33502 0 15294 231 6070 7630 8329 3310 1869 0 1488 1485 0 16563 17609 11000 19786 17747 9672 422 1336 29328 9233 1749 0 9128 7434 10611 258 772 1220 7376 1249 3533 33 264 13
0 33350 22193 0 996 7827 3313 0 2804 0 941 0 0 33754 8309 0 0 0 93 0 0 0 0 251 8596 10370 5686 227 0 112 34219 12323 8329 2016 2724 0 0 0 0 10523 20861 7052 0 6906 2992 0
7052 554 16985 2336 5711 27811 6135 2804 0 6300 22513 1473 16841 3817 3 1009 4083 38 5876 2582 480 0 14299 181 10259 5501 861 0 3336 1950 3787 1176 1169 3986 12816 0 3268 11095 451 1103 0 4943 646 0 3596 0
52386 0 0 515 12718 1485 33502 0 6300 0 20 0 5120 0 0 0 1734 5440 0 9413 0 0 28205 0 19929 0 0 13975 0 543 0 0 507 0 8984 0 19361 867 2398 0 0 0 3516 0 6738 0
0 0 39486 2441 0 44384 0 941 22513 20 0 0 1256 0 5319 0 0 0 34420 0 0 1014 0 947 8000 19267 0 231 1043 5210 0 0 0 23159 5783 0 0 5594 6483 4944 0 6357 13109 1381 0 0
5297 12241 0 3848 38738 0 15294 0 1473 0 0 0 0 2862 0 1100 35892 0 0 4779 6868 0 4293 10248 469 3023 48198 183 819 0 19080 4292 3750 0 0 2833 7985 1197 0 0 0 0 0 0 0 997
0 436 243 0 0 12931 231 0 16841 5120 1256 0 0 0 4613 11942 0 0 0 0 0 0 20083 14725 20149 212 3980 0 0 6437 778 0 0 0 6296 2283 0 12276 1040 0 0 1497 1663 0 12896 0
0 30688 2832 7225 4600 736 6070 33754 3817 0 0 2862 0 0 585 0 0 0 0 0 0 0 0 0 2032 2461 1597 9842 0 9628 5766 28387 17206 702 0 0 0 0 0 1446 21621 822 0 679 498 12490
0 5258 17832 0 0 11779 7630 8309 3 0 5319 0 4613 585 0 10986 138 0 0 0 0 0 1793 25952 11929 9761 7528 0 0 6319 12909 1 0 0 7969 1142 0 3 0 1029 5623 2075 34 13873 64 0
51 9583 0 0 0 1181 8329 0 1009 0 0 1100 11942 0 10986 0 4651 0 0 0 379 0 4358 42978 10382 3334 7125 0 0 11231 238 0 0 0 3448 6773 2366 1435 0 0 0 587 0 0 2931 0
9761 6467 0 0 13800 0 3310 0 4083 1734 0 35892 0 0 138 4651 0 0 0 2362 7104 0 5251 14696 2506 2229 15145 2698 3095 1312 1098 175 2223 0 0 4481 14163 2760 0 0 0 0 0 0 1398 0
24284 0 0 13054 155 7330 1869 0 38 5440 0 0 0 0 0 0 0 0 0 0 0 449 0 0 0 911 0 15120 8428 0 0 0 2575 0 0 0 239 17676 13318 1118 0 0 5620 0 0 0
0 763 30207 0 0 7970 0 93 5876 0 34420 0 0 0 0 0 0 0 0 0 0 161 0 0 0 2524 0 11149 74 0 0 0 0 30758 2022 0 0 0 0 4484 619 9143 0 1688 0 0
15718 43 0 13149 22707 0 1488 0 2582 9413 0 4779 0 0 0 0 2362 0 0 0 0 209 382 0 2269 1216 7370 10834 6878 3130 2622 15233 3174 0 0 0 312 3716 19 0 0 0 529 0 28 271
160 2826 0 0 4445 0 1485 0 480 0 0 6868 0 0 0 379 7104 0 0 0 0 0 10333 1500 0 116 1847 0 0 405 64 0 0 0 4065 13635 14066 4350 0 0 0 0 0 0 1888 0
3632 0 35 9569 1832 130 0 0 0 0 1014 0 0 0 0 0 0 449 161 209 0 0 0 0 0 91 0 6457 21458 3817 0 395 6608 8458 0 0 0 4752 11255 13045 0 2849 0 0 0 0
6314 5697 0 0 2210 2607 16563 0 14299 28205 0 4293 20083 0 1793 4358 5251 0 0 382 10333 0 0 9473 6153 1363 9698 0 0 9656 3201 0 0 0 48199 3953 13945 5975 18 0 0 0 2273 0 7195 0
0 21622 1703 0 3873 10973 17609 251 181 0 947 10248 14725 0 25952 42978 14696 0 0 0 1500 0 9473 0 25564 2230 22457 0 0 15651 3087 0 0 0 25733 29905 1282 4791 0 0 0 7306 1155 797 4494 0
1349 4690 13317 4250 470 22339 11000 8596 10259 19929 8000 469 20149 2032 11929 10382 2506 0 0 2269 0 0 6153 25564 0 271 3467 5695 359 4999 3445 1058 568 1283 2791 30 20436 4347 2311 1422 2276 2262 3321 6690 4043 0
0 25283 9524 6540 3798 5472 19786 10370 5501 0 19267 3023 212 2461 9761 3334 2229 911 2524 1216 116 91 1363 2230 271 0 23360 6994 12630 6502 30008 7634 172 8563 0 882 0 2249 0 11920 0 4502 1883 0 1714 4672
1870 20784 3144 0 34802 5066 17747 5686 861 0 0 48198 3980 1597 7528 7125 15145 0 0 7370 1847 0 9698 22457 3467 23360 0 6755 4833 5390 41013 0 7210 0 0 0 0 0 0 0 0 2855 0 0 4221 0
31477 11389 2620 14217 21598 0 9672 227 0 13975 231 183 0 9842 0 0 2698 15120 11149 10834 0 6457 0 0 5695 6994 6755 0 18777 10771 1703 13194 18903 22518 0 0 2868 51 194 19080 1577 16919 716 2948 0 16768
6003 0 1056 52510 7809 7121 422 0 3336 0 1043 819 0 0 0 0 3095 8428 74 6878 0 21458 0 0 359 12630 4833 18777 0 17427 0 5646 30787 9960 0 0 0 7591 16032 32748 0 3199 22 0 122 1432
80 5430 1 10150 2750 9779 1336 112 1950 543 5210 0 6437 9628 6319 11231 1312 0 0 3130 405 3817 9656 15651 4999 6502 5390 10771 17427 0 1794 11249 16839 6738 19664 994 2209 1365 1807 5652 257 7871 5287 0 18310 32875
0 32637 2225 7 5797 34 29328 34219 3787 0 0 19080 778 5766 12909 238 1098 0 0 2622 64 0 3201 3087 3445 30008 41013 1703 0 1794 0 3199 15311 0 0 0 0 0 0 3389 0 1634 0 0 3615 0
0 35172 91 25154 10812 0 9233 12323 1176 0 0 4292 0 28387 1 0 175 0 0 15233 0 395 0 0 1058 7634 0 13194 5646 11249 3199 0 8634 0 0 0 0 321 0 2447 31140 351 0 8057 0 6251
18890 11432 18 24060 15001 0 1749 8329 1169 507 0 3750 0 17206 0 0 2223 2575 0 3174 0 6608 0 0 568 172 7210 18903 30787 16839 15311 8634 0 376 0 0 0 0 8616 2121 2364 0 0 0 0 7382
0 659 35702 2900 0 11928 0 2016 3986 0 23159 0 0 702 0 0 0 0 30758 0 0 8458 0 0 1283 8563 0 22518 9960 6738 0 0 376 0 0 0 0 0 0 34581 889 33288 0 232 0 10068
1126 4623 9685 0 0 5251 9128 2724 12816 8984 5783 0 6296 0 7969 3448 0 0 2022 0 4065 0 48199 25733 2791 0 0 0 0 19664 0 0 0 0 0 16514 3364 15 0 1041 0 0 0 566 10069 0
914 17248 0 0 0 0 7434 0 0 0 0 2833 2283 0 1142 6773 4481 0 0 0 13635 0 3953 29905 30 882 0 0 0 994 0 0 0 0 16514 0 10333 4429 0 0 0 0 0 0 747 0
22522 343 0 0 6096 0 10611 0 3268 19361 0 7985 0 0 0 2366 14163 239 0 312 14066 0 13945 1282 20436 0 0 2868 0 2209 0 0 0 0 3364 10333 0 9215 0 0 0 0 0 0 2415 0
16580 0 0 3898 5699 6369 258 0 11095 867 5594 1197 12276 0 3 1435 2760 17676 0 3716 4350 4752 5975 4791 4347 2249 0 51 7591 1365 0 321 0 0 15 4429 9215 0 9239 1609 0 2968 9063 0 3816 0
9619 0 0 20670 1306 3797 772 0 451 2398 6483 0 1040 0 0 0 0 13318 0 19 0 11255 18 0 2311 0 0 194 16032 1807 0 0 8616 0 0 0 0 9239 0 8386 0 0 19888 0 0 0
0 6037 7477 15918 0 6801 1220 10523 1103 0 4944 0 0 1446 1029 0 0 1118 4484 0 0 13045 0 0 1422 11920 0 19080 32748 5652 3389 2447 2121 34581 1041 0 0 1609 8386 0 202 21974 0 344 512 8793
0 21747 3917 0 0 0 7376 20861 0 0 0 0 0 21621 5623 0 0 0 619 0 0 0 0 0 2276 0 0 1577 0 257 0 31140 2364 889 0 0 0 0 0 202 0 2084 0 14709 0 0
0 7535 11043 0 0 12836 1249 7052 4943 0 6357 0 1497 822 2075 587 0 0 9143 0 0 2849 0 7306 2262 4502 2855 16919 3199 7871 1634 351 0 33288 0 0 0 2968 0 21974 2084 0 1407 1673 6268 42
1301 0 0 10873 2 3553 3533 0 646 3516 13109 0 1663 0 34 0 0 5620 0 529 0 0 2273 1155 3321 1883 0 716 22 5287 0 0 0 0 0 0 0 9063 19888 0 0 1407 0 0 3 0
0 6557 10879 0 0 1235 33 6906 0 0 1381 0 0 679 13873 0 0 0 1688 0 0 0 0 797 6690 0 0 2948 0 0 0 8057 0 232 566 0 0 0 0 344 14709 1673 0 0 0 0
6101 106 0 0 0 563 264 2992 3596 6738 0 0 12896 498 64 2931 1398 0 0 28 1888 0 7195 4494 4043 1714 4221 0 122 18310 3615 0 0 0 10069 747 2415 3816 0 512 0 6268 3 0 0 0
0 599 0 4442 5598 0 13 0 0 0 0 997 0 12490 0 0 0 0 0 271 0 0 0 0 0 4672 0 16768 1432 32875 0 6251 7382 10068 0 0 0 0 0 8793 0 42 0 0 0 0
