0 22224 0 0 0 0 16360 7354 1980 17600 31997 0 0 163 2240 0 8487 0 169 4206 856 92 2141 3917 0 0 0 476 0 0 8 2898 0 0 10327 16586 44203 0 0 3525 0 0 0 0 0 0
22224 0 0 0 0 9003 44860 42532 0 34177 18852 0 0 0 0 0 5449 0 1253 725 0 4607 4547 0 0 0 0 1448 0 11103 7279 10802 2 0 0 23404 1560 0 523 0 0 5388 0 588 0 4475
0 0 0 0 3791 27008 0 32 16512 3156 0 0 447 1642 3526 0 355 0 15697 3452 15697 0 0 1621 8764 5150 45307 0 53386 16515 32206 21458 20222 0 14288 0 833 102 5579 0 0 0 0 9340 226 0
0 0 0 0 30935 0 2301 3722 0 1873 0 55010 0 0 0 21648 0 9298 0 0 0 656 2234 0 46511 3946 0 0 0 0 282 0 16483 7472 0 0 0 8557 0 0 1526 4600 6373 0 0 14405
0 0 3791 30935 0 0 0 0 828 0 0 24350 16665 12725 14145 0 0 0 287 192 0 0 0 0 39385 1380 4190 0 45 0 0 0 12155 0 0 0 0 14336 0 6 412 1361 0 0 15206 13
0 9003 27008 0 0 0 0 12260 0 364 1640 0 15589 925 1019 0 6321 0 16522 1383 0 0 0 0 12214 11177 32408 0 28635 12745 8918 2218 23930 0 40 6191 0 6116 1136 0 0 0 0 442 2568 0
16360 44860 0 2301 0 0 0 19728 0 15091 1257 0 0 0 0 0 0 18589 106 0 0 14478 17002 0 0 699 0 7059 0 875 4698 0 0 0 0 7240 25 0 0 0 0 9 931 0 0 1880
7354 42532 32 3722 0 12260 19728 0 0 10226 9394 0 0 0 0 0 14473 1383 7907 0 0 13616 3157 0 0 2776 0 0 0 631 3255 10648 5077 0 0 24467 0 0 1243 0 0 3255 0 420 0 1832
1980 0 16512 0 828 0 0 0 0 0 0 0 1927 3595 950 0 0 0 0 185 1868 0 3305 20421 0 0 3756 641 0 0 0 0 0 9548 15373 0 0 4957 0 27849 26226 0 0 0 0 0
17600 34177 3156 1873 0 364 15091 10226 0 0 4122 0 0 4802 0 2747 5155 331 7385 3588 0 16744 17527 3029 0 0 0 3174 1738 0 4538 2742 3753 1362 2937 6560 1770 104 0 0 0 5832 0 3675 0 0
31997 18852 0 0 0 1640 1257 9394 0 4122 0 0 0 849 15205 0 14604 0 131 3375 0 0 3673 28721 0 0 0 13478 0 0 0 0 0 6948 3299 10313 8449 0 0 3285 216 0 0 0 0 0
0 0 0 55010 24350 0 0 0 0 0 0 0 2929 2954 0 1843 0 0 0 0 0 0 162 0 31886 7191 0 0 0 0 1419 0 2709 6965 0 0 0 15109 0 1143 267 7644 335 0 0 11981
0 0 447 0 16665 15589 0 0 1927 0 0 2929 0 25948 14464 60 0 0 0 5920 0 0 0 1668 17650 0 16062 0 0 0 1546 0 115 237 0 0 0 4920 0 2559 2857 0 0 0 0 0
163 0 1642 0 12725 925 0 0 3595 4802 849 2954 25948 0 16250 334 8108 0 2552 20297 13 0 0 13547 11693 0 4644 0 5601 0 1637 0 821 0 6096 0 0 4014 0 4713 8421 0 0 856 0 0
2240 0 3526 0 14145 1019 0 0 950 0 15205 0 14464 16250 0 0 1165 0 1720 2379 0 0 37 18392 15947 236 5985 0 3357 0 0 0 2742 767 7809 0 4411 619 0 6167 2856 0 0 0 2299 0
0 0 0 21648 0 0 0 0 0 2747 0 1843 60 334 0 0 0 680 0 23 0 0 3281 1551 21917 0 0 4213 216 0 0 0 1281 13502 0 0 0 3848 0 104 10380 1726 16966 0 0 0
8487 5449 355 0 0 6321 0 14473 0 5155 14604 0 0 8108 1165 0 0 0 17756 11257 0 0 0 4057 0 0 0 0 1583 1653 3319 4491 0 0 326 13701 1332 0 6116 0 0 0 0 4902 0 0
0 0 0 9298 0 0 18589 1383 0 331 0 0 0 0 0 680 0 0 0 0 0 3581 2001 19 1095 8509 0 14522 0 0 0 0 83 569 0 0 0 0 0 0 0 53 15169 0 0 40
169 1253 15697 0 287 16522 106 7907 0 7385 131 0 0 2552 1720 0 17756 0 0 77 0 0 1 12 4120 2743 2397 0 6882 4856 7062 2352 6197 0 1794 4107 0 3162 5445 0 0 0 0 6739 2084 0
4206 725 3452 0 192 1383 0 0 185 3588 3375 0 5920 20297 2379 23 11257 0 77 0 862 0 0 13874 121 0 9997 0 9035 0 4844 651 0 7 9525 155 571 0 0 0 0 0 0 732 0 0
856 0 15697 0 0 0 0 0 1868 0 0 0 0 13 0 0 0 0 0 862 0 0 0 8 0 0 8825 0 7516 0 0 6404 0 0 19778 0 207 0 0 2571 0 0 0 0 0 0
92 4607 0 656 0 0 14478 13616 0 16744 0 0 0 0 0 0 0 3581 0 0 0 0 17181 0 0 720 0 5557 0 0 0 0 0 0 0 0 0 0 0 0 0 0 0 0 0 6
2141 4547 0 2234 0 0 17002 3157 3305 17527 3673 162 0 0 37 3281 0 2001 1 0 0 17181 0 28019 328 3942 0 38916 0 0 46 0 1516 11209 43 0 0 1171 0 15 2961 0 255 0 0 1916
3917 0 1621 0 0 0 0 0 20421 3029 28721 0 1668 13547 18392 1551 4057 19 12 13874 8 0 28019 0 560 0 128 22280 3427 0 3602 186 0 19904 28819 0 0 0 0 11632 10727 2187 0 0 0 0
0 0 8764 46511 39385 12214 0 0 0 0 0 31886 17650 11693 15947 21917 0 1095 4120 121 0 0 328 560 0 14895 5756 534 4123 1527 270 0 19371 4041 0 0 0 26028 0 168 3510 2824 8463 0 11927 9841
0 0 5150 3946 1380 11177 699 2776 0 0 0 7191 0 0 236 0 0 8509 2743 0 0 720 3942 0 14895 0 12480 0 1 12936 2503 0 9051 0 0 0 0 14842 578 0 0 14070 0 0 9731 51945
0 0 45307 0 4190 32408 0 0 3756 0 0 0 16062 4644 5985 0 0 0 2397 9997 8825 0 0 128 5756 12480 0 0 22300 11968 14621 6067 10454 0 1835 0 0 8838 0 0 0 0 0 0 2734 0
476 1448 0 0 0 0 7059 0 641 3174 13478 0 0 0 0 4213 0 14522 0 0 0 5557 38916 22280 534 0 0 0 0 0 0 0 0 20972 0 0 0 0 0 0 5671 0 11583 0 0 0
0 0 53386 0 45 28635 0 0 0 1738 0 0 0 5601 3357 216 1583 0 6882 9035 7516 0 0 3427 4123 1 22300 0 0 7220 45470 22627 22860 0 5294 0 0 702 15473 0 0 0 0 10592 0 0
0 11103 16515 0 0 12745 875 631 0 0 0 0 0 0 0 0 1653 0 4856 0 0 0 0 0 1527 12936 11968 0 7220 0 8129 0 188 0 49 0 0 1836 29865 0 0 7723 0 0 0 3033
8 7279 32206 282 0 8918 4698 3255 0 4538 0 1419 1546 1637 0 0 3319 0 7062 4844 0 0 46 3602 270 2503 14621 0 45470 8129 0 21625 5363 43 448 0 0 0 15358 0 0 18603 0 9040 0 1366
2898 10802 21458 0 0 2218 0 10648 0 2742 0 0 0 0 0 0 4491 0 2352 651 6404 0 0 186 0 0 6067 0 22627 0 21625 0 6836 0 842 4528 7098 0 15225 0 0 0 0 23351 0 0
0 2 20222 16483 12155 23930 0 5077 0 3753 0 2709 115 821 2742 1281 0 83 6197 0 0 0 1516 0 19371 9051 10454 0 22860 188 5363 6836 0 0 25 0 0 8286 1091 0 0 9287 0 0 2146 1855
0 0 0 7472 0 0 0 0 9548 1362 6948 6965 237 0 767 13502 0 569 0 7 0 0 11209 19904 4041 0 0 20972 0 0 43 0 0 0 1214 0 0 18429 0 7207 8362 1121 6755 0 0 0
10327 0 14288 0 0 40 0 0 15373 2937 3299 0 0 6096 7809 0 326 0 1794 9525 19778 0 43 28819 0 0 1835 0 5294 49 448 842 25 1214 0 0 2086 0 0 26510 144 203 0 43 0 0
16586 23404 0 0 0 6191 7240 24467 0 6560 10313 0 0 0 0 0 13701 0 4107 155 0 0 0 0 0 0 0 0 0 0 0 4528 0 0 0 0 3363 0 0 0 0 0 0 334 0 0
44203 1560 833 0 0 0 25 0 0 1770 8449 0 0 0 4411 0 1332 0 0 571 207 0 0 0 0 0 0 0 0 0 0 7098 0 0 2086 3363 0 0 0 2171 0 0 0 1146 0 0
0 0 102 8557 14336 6116 0 0 4957 104 0 15109 4920 4014 619 3848 0 0 3162 0 0 0 1171 0 26028 14842 8838 0 702 1836 0 0 8286 18429 0 0 0 0 0 6690 677 0 0 0 9156 19
0 523 5579 0 0 1136 0 1243 0 0 0 0 0 0 0 0 6116 0 5445 0 0 0 0 0 0 578 0 0 15473 29865 15358 15225 1091 0 0 0 0 0 0 0 0 14 0 2423 0 0
3525 0 0 0 6 0 0 0 27849 0 3285 1143 2559 4713 6167 104 0 0 0 0 2571 0 15 11632 168 0 0 0 0 0 0 0 0 7207 26510 0 2171 6690 0 0 16887 0 0 0 0 0
0 0 0 1526 412 0 0 0 26226 0 216 267 2857 8421 2856 10380 0 0 0 0 0 0 2961 10727 3510 0 0 5671 0 0 0 0 0 8362 144 0 0 677 0 16887 0 0 0 0 0 0
0 5388 0 4600 1361 0 9 3255 0 5832 0 7644 0 0 0 1726 0 53 0 0 0 0 0 2187 2824 14070 0 0 0 7723 18603 0 9287 1121 203 0 0 0 14 0 0 0 0 0 0 6732
0 0 0 6373 0 0 931 0 0 0 0 335 0 0 0 16966 0 15169 0 0 0 0 255 0 8463 0 0 11583 0 0 0 0 0 6755 0 0 0 0 0 0 0 0 0 0 0 0
0 588 9340 0 0 442 0 420 0 3675 0 0 0 856 0 0 4902 0 6739 732 0 0 0 0 0 0 0 0 10592 0 9040 23351 0 0 43 334 1146 0 2423 0 0 0 0 0 0 0
0 0 226 0 15206 2568 0 0 0 0 0 0 0 0 2299 0 0 0 2084 0 0 0 0 0 11927 9731 2734 0 0 0 0 0 2146 0 0 0 0 9156 0 0 0 0 0 0 0 0
0 4475 0 14405 13 0 1880 1832 0 0 0 11981 0 0 0 0 0 40 0 0 0 6 1916 0 9841 51945 0 0 0 3033 1366 0 1855 0 0 0 0 19 0 0 0 6732 0 0 0 0
