0 2 14298 0 25641 6795 0 0 0 14752 3525 0 0 0 480 34730 0 0 0 27458 1504 2847 0 0 26013 102 0 0 0 0 0 18772 0 3988 6374 2114 0 0 0 1948 11269 11857 5478 0 0 0
2 0 16016 10389 1706 0 0 0 29840 20916 39878 0 0 0 0 0 11231 0 48257 0 0 0 0 1908 367 2780 22671 7716 0 3540 0 13212 13932 123 19 0 0 52 0 65 222 0 0 0 21952 127
14298 16016 0 1563 12464 99 0 0 6155 17125 25578 0 0 0 0 11500 7699 0 3196 3266 999 0 0 6525 0 0 0 0 0 0 0 22214 0 942 407 0 0 0 0 924 16346 651 0 0 2 0
0 10389 1563 0 2268 616 0 6365 146 11756 77 0 0 13873 0 0 0 0 0 0 0 0 0 37935 0 40474 0 4406 0 26641 11500 0 10044 0 1867 0 0 16928 0 0 0 0 0 0 8523 812
25641 1706 12464 2268 0 27540 0 0 265 16004 6910 0 0 0 17312 11186 138 0 309 204 15068 55 2224 6595 11868 12447 0 0 0 0 0 7670 0 0 30460 0 0 2047 0 6146 0 930 0 0 0 0
6795 0 99 616 27540 0 0 19179 0 0 0 2275 15079 15941 10896 2639 7373 0 0 1297 3368 477 12707 24041 30257 12852 0 0 69 0 5981 0 0 0 8689 0 6102 9963 0 13647 0 1088 20105 0 0 0
0 0 0 0 0 0 0 1079 0 0 0 0 0 0 3216 0 0 5566 0 0 0 174 9269 0 0 0 6335 9116 39361 0 542 0 0 0 0 7837 9654 0 2969 0 0 0 0 5906 0 0
0 0 0 6365 0 19179 1079 0 0 0 0 22436 17062 15318 0 0 0 0 0 0 0 0 0 15436 111 895 3273 10419 5853 2103 39973 0 11480 0 0 2 4019 588 426 6004 0 0 746 17 0 20221
0 29840 6155 146 265 0 0 0 0 2933 4290 0 0 0 0 0 0 0 15324 0 0 0 0 1769 0 0 11251 26676 0 11600 0 0 15323 1752 0 0 0 0 1263 530 0 2 0 0 10606 9113
14752 20916 17125 11756 16004 0 0 0 2933 0 11375 0 0 672 0 44 368 0 1025 0 11117 0 0 2598 518 17372 0 10847 0 25804 0 1746 19179 0 4968 0 0 90 0 206 0 0 0 0 7585 238
3525 39878 25578 77 6910 0 0 0 4290 11375 0 0 0 0 0 0 4326 0 7986 0 0 0 0 1218 1228 0 0 0 0 0 0 1573 0 0 1021 0 0 0 0 0 1575 0 0 0 134 0
0 0 0 0 0 2275 0 22436 0 0 0 0 1799 13588 6 0 0 0 0 0 0 0 0 0 0 0 203 1323 8534 1734 21470 0 0 0 0 0 7862 0 0 460 0 0 0 0 0 31753
0 0 0 0 0 15079 0 17062 0 0 0 1799 0 1476 10411 0 0 78 0 0 0 0 9781 4329 2226 0 0 0 14435 0 16513 0 0 0 60 0 9719 18659 0 82 0 0 756 0 0 0
0 0 0 13873 0 15941 0 15318 0 672 0 13588 1476 0 0 0 699 0 0 0 0 0 0 9692 1416 25188 0 1072 4269 19387 11377 0 4556 0 0 0 2833 0 0 9925 0 0 6262 0 0 6145
480 0 0 0 17312 10896 3216 0 0 0 0 6 10411 0 0 120 0 3232 0 0 283 3076 28321 0 11007 907 1139 5715 9311 0 14955 0 0 0 4481 0 19021 1166 0 3179 0 0 474 2562 0 0
34730 0 11500 0 11186 2639 0 0 0 44 0 0 0 0 120 0 679 415 0 4568 0 1538 0 0 4361 0 0 0 0 0 238 13056 0 2176 0 0 0 0 0 2716 5179 4735 5855 0 0 0
0 11231 7699 0 138 7373 0 0 0 368 4326 0 0 699 0 679 0 0 666 10344 0 0 0 0 15743 79 10048 746 0 0 0 19401 0 3265 0 105 0 0 2448 9162 1141 14778 2019 3555 319 0
0 0 0 0 0 0 5566 0 0 0 0 0 78 0 3232 415 0 0 0 263 0 10927 19620 0 13 0 0 0 9616 0 4356 0 0 1350 0 8 17079 0 2 0 1279 0 927 3789 0 0
0 48257 3196 0 309 0 0 0 15324 1025 7986 0 0 0 0 0 666 0 0 0 0 0 0 2336 0 0 7518 810 0 2 0 767 3489 0 0 0 0 0 0 0 0 0 0 0 1084 150
27458 0 3266 0 204 1297 0 0 0 0 0 0 0 0 0 4568 10344 263 0 0 0 5006 0 0 20336 0 0 0 0 0 368 2074 0 5150 0 400 2625 0 0 2906 887 10213 8650 58 0 0
1504 0 999 0 15068 3368 0 0 0 11117 0 0 0 0 283 0 0 0 0 0 0 0 0 2302 0 18326 0 0 0 0 0 0 0 0 8977 0 0 1265 0 0 0 0 0 0 0 0
2847 0 0 0 55 477 174 0 0 0 0 0 0 0 3076 1538 0 10927 0 5006 0 0 713 0 8812 0 0 0 6307 0 3886 0 0 0 0 73 4566 0 0 383 4446 0 4548 0 0 0
0 0 0 0 2224 12707 9269 0 0 0 0 0 9781 0 28321 0 0 19620 0 0 0 713 0 13529 20187 12467 787 428 5778 0 3821 0 0 0 6503 0 17657 7409 0 2196 0 0 1418 0 0 0
0 1908 6525 37935 6595 24041 0 15436 1769 2598 1218 0 4329 9692 0 0 0 0 2336 0 2302 0 13529 0 239 40761 0 0 0 794 4468 0 0 0 22238 0 0 24115 0 2013 0 0 1251 0 67 0
26013 367 0 0 11868 30257 0 111 0 518 1228 0 2226 1416 11007 4361 15743 13 0 20336 0 8812 20187 239 0 2272 1805 1054 0 0 108 2956 2256 1640 7874 146 6144 336 4576 15670 0 3663 14263 7841 1461 0
102 2780 0 40474 12447 12852 0 895 0 17372 0 0 0 25188 907 0 79 0 0 0 18326 0 12467 40761 2272 0 0 5053 0 14880 5602 0 11400 0 19514 0 0 5131 0 2517 0 0 571 0 896 0
0 22671 0 0 0 0 6335 3273 11251 0 0 203 0 0 1139 0 10048 0 7518 0 0 0 787 0 1805 0 0 21666 5594 2905 3821 7187 15967 13173 0 7915 221 0 11917 5 0 24 0 0 274 12279
0 7716 0 4406 0 0 9116 10419 26676 10847 0 1323 0 1072 5715 0 746 0 810 0 0 0 428 0 1054 5053 21666 0 7269 44493 5695 0 22101 334 0 0 0 0 1502 12247 0 2 22 3666 2495 19057
0 0 0 0 0 69 39361 5853 0 0 0 8534 14435 4269 9311 0 0 9616 0 0 0 6307 5778 0 0 0 5594 7269 0 1231 8214 0 3337 547 0 31688 30521 11562 15799 3432 4178 193 0 159 0 1196
0 3540 0 26641 0 0 0 2103 11600 25804 0 1734 0 19387 0 0 0 0 2 0 0 0 0 794 0 14880 2905 44493 1231 0 4638 0 24899 0 0 0 0 0 0 270 0 0 0 0 1058 10421
0 0 0 11500 0 5981 542 39973 0 0 0 21470 16513 11377 14955 238 0 4356 0 368 0 3886 3821 4468 108 5602 3821 5695 8214 4638 0 0 0 0 0 0 8821 1660 0 120 0 0 610 212 0 8235
18772 13212 22214 0 7670 0 0 0 0 1746 1573 0 0 0 0 13056 19401 0 767 2074 0 0 0 0 2956 0 7187 0 0 0 0 0 0 27569 45 3259 0 0 1816 0 17846 16779 3619 0 0 0
0 13932 0 10044 0 0 0 11480 15323 19179 0 0 0 4556 0 0 0 0 3489 0 0 0 0 0 2256 11400 15967 22101 3337 24899 0 0 0 0 0 2431 0 0 11960 4904 0 547 0 1469 8825 1829
3988 123 942 0 0 0 0 0 1752 0 0 0 0 0 0 2176 3265 1350 0 5150 0 0 0 0 1640 0 13173 334 547 0 0 27569 0 0 0 21777 0 0 8877 0 14982 19433 9023 4 0 10269
6374 19 407 1867 30460 8689 0 0 0 4968 1021 0 60 0 4481 0 0 0 0 0 8977 0 6503 22238 7874 19514 0 0 0 0 0 45 0 0 0 0 0 16641 0 14 0 0 0 0 0 0
2114 0 0 0 0 0 7837 2 0 0 0 0 0 0 0 0 105 8 0 400 0 73 0 0 146 0 7915 0 31688 0 0 3259 2431 21777 0 0 0 0 24315 0 8434 17351 4495 0 0 0
0 0 0 0 0 6102 9654 4019 0 0 0 7862 9719 2833 19021 0 0 17079 0 2625 0 4566 17657 0 6144 0 221 0 30521 0 8821 0 0 0 0 0 0 2493 0 1358 0 0 1585 110 0 0
0 52 0 16928 2047 9963 0 588 0 90 0 0 18659 0 1166 0 0 0 0 0 1265 0 7409 24115 336 5131 0 0 11562 0 1660 0 0 0 16641 0 2493 0 0 3712 0 0 262 0 0 0
0 0 0 0 0 0 2969 426 1263 0 0 0 0 0 0 0 2448 2 0 0 0 0 0 0 4576 0 11917 1502 15799 0 0 1816 11960 8877 0 24315 0 0 0 0 748 4269 632 5389 26 0
1948 65 924 0 6146 13647 0 6004 530 206 0 460 82 9925 3179 2716 9162 0 0 2906 0 383 2196 2013 15670 2517 5 12247 3432 270 120 0 4904 0 14 0 1358 3712 0 0 0 1642 22367 5147 577 3312
11269 222 16346 0 0 0 0 0 0 0 1575 0 0 0 0 5179 1141 1279 0 887 0 4446 0 0 0 0 0 0 4178 0 0 17846 0 14982 0 8434 0 0 748 0 0 512 72 0 0 0
11857 0 651 0 930 1088 0 0 2 0 0 0 0 0 0 4735 14778 0 0 10213 0 0 0 0 3663 0 24 2 193 0 0 16779 547 19433 0 17351 0 0 4269 1642 512 0 6943 232 0 0
5478 0 0 0 0 20105 0 746 0 0 0 0 756 6262 474 5855 2019 927 0 8650 0 4548 1418 1251 14263 571 0 22 0 0 610 3619 0 9023 0 4495 1585 262 632 22367 72 6943 0 0 0 0
0 0 0 0 0 0 5906 17 0 0 0 0 0 0 2562 0 3555 3789 0 58 0 0 0 0 7841 0 0 3666 159 0 212 0 1469 4 0 0 110 0 5389 5147 0 232 0 0 147 0
0 21952 2 8523 0 0 0 0 10606 7585 134 0 0 0 0 0 319 0 1084 0 0 0 0 67 1461 896 274 2495 0 1058 0 0 8825 0 0 0 0 0 26 577 0 0 0 147 0 0
0 127 0 812 0 0 0 20221 9113 238 0 31753 0 6145 0 0 0 0 150 0 0 0 0 0 0 0 12279 19057 1196 10421 8235 0 1829 10269 0 0 0 0 0 3312 0 0 0 0 0 0
