0 187 8 0 0 692 0 842 0 1414 0 1487 10490 0 8468 1348 3456 0 0 0 19290 0 6267 25627 0 3411 20703 7097 13701 35796 707 0 22213 11223 34 0 21576 0 0 0 0 0 902 35 5 1399
187 0 5112 6681 16958 27946 6856 0 630 34369 36054 4176 0 20864 0 16562 83 13902 0 1659 0 0 0 20 26607 85 0 24251 18 0 12823 0 2800 10116 6669 0 0 3949 11234 6967 0 852 823 0 0 0
8 5112 0 58272 2296 0 0 20952 7905 1932 0 0 2870 7217 8085 0 10660 0 0 13935 0 13273 13290 8845 10265 0 11649 5078 0 179 0 1509 0 4100 25422 1168 0 0 359 17455 0 6929 8283 4613 0 8104
0 6681 58272 0 1646 0 0 0 3857 5 0 0 0 16832 0 0 20377 0 0 4966 0 2277 0 59 36057 0 0 6039 0 0 492 0 0 0 16548 0 0 0 2947 20048 0 0 0 0 0 0
0 16958 2296 1646 0 45597 9519 9208 12841 0 16123 695 0 9216 0 11154 0 195 12798 0 0 0 0 0 1660 392 0 6224 0 0 20498 12380 0 0 0 7680 0 15079 10286 17467 24589 0 0 0 0 0
692 27946 0 0 45597 0 25732 5 4937 129 18931 8996 0 2151 0 8949 0 0 22352 0 0 0 0 0 1615 8729 0 21938 0 0 10929 510 1330 383 0 0 193 24875 606 8 11190 0 0 0 0 0
0 6856 0 0 9519 25732 0 0 0 0 450 16728 673 21 0 5665 0 4677 16609 0 0 0 0 0 0 6590 0 40667 3786 0 38 0 11292 0 0 0 2722 7775 0 0 0 0 2791 0 270 0
842 0 20952 0 9208 5 0 0 4837 2437 0 2 0 0 0 0 0 0 244 0 0 0 28442 180 0 307 0 0 18829 7138 2595 24975 935 0 269 17287 11446 1374 2015 15071 6377 6060 0 0 0 218
0 630 7905 3857 12841 4937 0 4837 0 0 0 254 0 8022 0 283 0 0 9231 0 0 0 0 0 49 17112 0 0 7353 0 18725 10264 124 0 0 6453 0 15596 5177 18352 6590 740 0 0 0 0
1414 34369 1932 5 0 129 0 2437 0 0 0 0 1003 702 0 10958 6527 4601 0 1662 0 2709 9068 16992 22405 2126 360 8622 589 135 2447 0 6017 21878 6921 1399 0 0 641 1195 0 17369 6925 0 0 2010
0 36054 0 0 16123 18931 450 0 0 0 0 276 0 2542 0 5762 0 1298 0 0 0 0 0 0 70 0 0 7454 0 0 14729 0 0 87 0 0 0 9867 24493 663 7810 0 0 0 0 0
1487 4176 0 0 695 8996 16728 2 254 0 276 0 1767 0 0 829 0 1715 1584 0 0 0 2605 0 0 35208 0 15410 25899 1337 0 536 4887 0 0 0 6190 0 0 0 0 0 1430 0 10994 0
10490 0 2870 0 0 0 673 0 0 1003 0 1767 0 0 28899 129 2184 0 0 0 0 10332 0 0 13249 17624 17641 402 2443 18650 0 0 2788 21099 2189 0 0 0 0 0 0 0 7984 2474 998 0
0 20864 7217 16832 9216 2151 21 0 8022 702 2542 0 0 0 0 1192 0 332 0 0 0 0 0 0 46342 0 0 4897 0 0 12324 0 0 0 0 0 0 1 12877 18141 0 0 0 0 0 0
8468 0 8085 0 0 0 0 0 0 0 0 0 28899 0 0 0 5696 438 0 0 0 2550 0 0 5707 13716 24681 299 0 8748 0 0 6404 28732 0 0 0 0 0 0 0 0 13132 14591 2 0
1348 16562 0 0 11154 8949 5665 0 283 10958 5762 829 129 1192 0 0 0 29801 0 0 0 0 0 0 1317 3483 0 24266 0 0 0 0 1175 25185 0 0 0 0 22 351 0 0 745 0 0 0
3456 83 10660 20377 0 0 0 0 0 6527 0 0 2184 0 5696 0 0 0 0 1975 0 7057 0 8542 9217 0 16917 2157 0 399 0 0 607 8786 34861 0 0 0 216 4109 0 0 186 1741 0 7366
0 13902 0 0 195 0 4677 0 0 4601 1298 1715 0 332 438 29801 0 0 0 0 0 0 0 0 31 14249 0 15504 0 0 0 0 5893 12383 0 0 0 0 0 0 0 0 1018 0 0 0
0 0 0 0 12798 22352 16609 244 9231 0 0 1584 0 0 0 0 0 0 0 0 0 0 0 0 0 11576 0 5867 3514 0 6010 6982 721 0 0 3643 1698 4148 0 155 2498 0 0 0 0 0
0 1659 13935 4966 0 0 0 0 0 1662 0 0 0 0 0 0 1975 0 0 0 0 0 19 17673 12389 0 734 0 0 0 0 0 14 0 12821 0 0 0 0 994 0 9838 0 0 0 2326
19290 0 0 0 0 0 0 0 0 0 0 0 0 0 0 0 0 0 0 0 0 0 0 2910 0 0 10015 0 0 523 0 0 0 0 0 0 0 0 0 0 0 0 0 0 0 0
0 0 13273 2277 0 0 0 0 0 2709 0 0 10332 0 2550 0 7057 0 0 0 0 0 0 0 9767 0 8515 603 0 0 0 0 0 588 22573 0 0 0 0 0 0 0 4520 3011 0 0
6267 0 13290 0 0 0 0 28442 0 9068 0 2605 0 0 0 0 0 0 0 19 0 0 0 12829 0 669 0 0 11183 1289 2678 10815 5460 0 304 34491 5225 0 0 0 1946 14170 0 0 0 16021
25627 20 8845 59 0 0 0 180 0 16992 0 0 0 0 0 0 8542 0 0 17673 2910 0 12829 0 7855 0 21795 0 122 17 0 0 16194 94 17769 1595 3314 0 0 1370 0 18739 300 1314 0 38735
0 26607 10265 36057 1660 1615 0 0 49 22405 70 0 13249 46342 5707 1317 9217 31 0 12389 0 9767 0 7855 0 0 264 12062 0 0 11777 0 0 1055 22372 0 0 0 3215 10072 0 27 917 0 0 0
3411 85 0 0 392 8729 6590 307 17112 2126 0 35208 17624 0 13716 3483 0 14249 11576 0 0 0 669 0 0 0 0 11194 38185 3801 8548 11931 14779 15799 0 1473 13050 9669 0 0 651 293 1762 0 6698 0
20703 0 11649 0 0 0 0 0 0 360 0 0 17641 0 24681 0 16917 0 0 734 10015 8515 0 21795 264 0 0 0 0 6381 0 0 98 565 11770 0 0 0 0 0 0 4 2840 18769 0 21577
7097 24251 5078 6039 6224 21938 40667 0 0 8622 7454 15410 402 4897 299 24266 2157 15504 5867 0 0 603 0 0 12062 11194 0 0 5508 0 37 0 17279 4922 1252 0 3961 0 36 944 0 0 4903 0 378 0
13701 18 0 0 0 0 3786 18829 7353 589 0 25899 2443 0 0 0 0 0 3514 0 0 0 11183 122 0 38185 0 5508 0 4414 15011 11276 12507 0 0 10044 24413 7392 0 0 0 3992 133 0 158 51
35796 0 179 0 0 0 0 7138 0 135 0 1337 18650 0 8748 0 399 0 0 0 523 0 1289 17 0 3801 6381 0 4414 0 0 92 5365 5807 0 595 15686 0 0 0 0 0 1635 0 3088 0
707 12823 0 492 20498 10929 38 2595 18725 2447 14729 0 0 12324 0 0 0 0 6010 0 0 0 2678 0 11777 8548 0 37 15011 0 0 958 8233 0 0 4358 0 10329 11068 6391 17001 6490 0 0 0 0
0 0 1509 0 12380 510 0 24975 10264 0 0 536 0 0 0 0 0 0 6982 0 0 0 10815 0 0 11931 0 0 11276 92 958 0 0 0 0 49520 9787 13075 0 4171 18398 0 0 0 0 470
22213 2800 0 0 0 1330 11292 935 124 6017 0 4887 2788 0 6404 1175 607 5893 721 14 0 0 5460 16194 0 14779 98 17279 12507 5365 8233 0 0 5792 0 886 2486 3503 0 27 0 3281 6911 0 2514 0
11223 10116 4100 0 0 383 0 0 0 21878 87 0 21099 0 28732 25185 8786 12383 0 0 0 588 0 94 1055 15799 565 4922 0 5807 0 0 5792 0 180 0 0 0 0 0 0 0 23006 510 34 0
34 6669 25422 16548 0 0 0 269 0 6921 0 0 2189 0 0 0 34861 0 0 12821 0 22573 304 17769 22372 0 11770 1252 0 0 0 0 0 180 0 0 0 0 1398 4047 0 7095 954 0 0 4256
0 0 1168 0 7680 0 0 17287 6453 1399 0 0 0 0 0 0 0 0 3643 0 0 0 34491 1595 0 1473 0 0 10044 595 4358 49520 886 0 0 0 3244 7953 0 376 20251 313 0 0 0 0
21576 0 0 0 0 193 2722 11446 0 0 0 6190 0 0 0 0 0 0 1698 0 0 0 5225 3314 0 13050 0 3961 24413 15686 0 9787 2486 0 0 3244 0 367 0 0 0 0 0 0 2532 0
0 3949 0 0 15079 24875 7775 1374 15596 0 9867 0 0 1 0 0 0 0 4148 0 0 0 0 0 0 9669 0 0 7392 0 10329 13075 3503 0 0 7953 367 0 1150 0 8665 4316 0 0 0 0
0 11234 359 2947 10286 606 0 2015 5177 641 24493 0 0 12877 0 22 216 0 0 0 0 0 0 0 3215 0 0 36 0 0 11068 0 0 0 1398 0 0 1150 0 13677 747 0 0 0 0 0
0 6967 17455 20048 17467 8 0 15071 18352 1195 663 0 0 18141 0 351 4109 0 155 994 0 0 0 1370 10072 0 0 944 0 0 6391 4171 27 0 4047 376 0 0 13677 0 130 0 0 0 0 0
0 0 0 0 24589 11190 0 6377 6590 0 7810 0 0 0 0 0 0 0 2498 0 0 0 1946 0 0 651 0 0 0 0 17001 18398 0 0 0 20251 0 8665 747 130 0 0 0 0 0 251
0 852 6929 0 0 0 0 6060 740 17369 0 0 0 0 0 0 0 0 0 9838 0 0 14170 18739 27 293 4 0 3992 0 6490 0 3281 0 7095 313 0 4316 0 0 0 0 0 0 0 9756
902 823 8283 0 0 0 2791 0 0 6925 0 1430 7984 0 13132 745 186 1018 0 0 0 4520 0 300 917 1762 2840 4903 133 1635 0 0 6911 23006 954 0 0 0 0 0 0 0 0 6897 0 0
35 0 4613 0 0 0 0 0 0 0 0 0 2474 0 14591 0 1741 0 0 0 0 3011 0 1314 0 0 18769 0 0 0 0 0 0 510 0 0 0 0 0 0 0 0 6897 0 0 22
5 0 0 0 0 0 270 0 0 0 0 10994 998 0 2 0 0 0 0 0 0 0 0 0 0 6698 0 378 158 3088 0 0 2514 34 0 0 2532 0 0 0 0 0 0 0 0 0
1399 0 8104 0 0 0 0 218 0 2010 0 0 0 0 0 0 7366 0 0 2326 0 0 16021 38735 0 0 21577 0 51 0 0 470 0 0 4256 0 0 0 0 0 251 9756 0 22 0 0
