0 2820 10253 0 20094 28441 2533 0 3101 312 0 0 0 309 3271 10362 2848 0 6521 17 20089 0 1210 0 25171 1069 0 0 0 0 0 0 0 307 0 0 20324 22003 1636 22342 0 163 0 343 1841 0
2820 0 5557 19921 0 8804 35685 0 0 8938 2702 16322 111 0 3110 1526 10661 26 0 5 0 0 0 10643 5304 0 26202 38707 6076 2900 3645 11959 15036 0 0 9248 1810 62 5768 89 173 20112 1200 5639 2775 0
10253 5557 0 0 31334 49095 9802 9600 5663 0 0 3330 249 15 0 0 127 0 12755 4101 0 1367 24625 695 1183 40916 0 0 3262 0 0 0 0 1242 752 7 0 0 10194 7061 0 13429 10546 0 7178 1450
0 19921 0 0 0 0 4853 0 0 13027 22340 0 0 0 8129 0 0 0 0 0 0 0 0 17216 26584 0 0 42231 150 0 0 315 14170 0 0 1139 3052 1661 0 0 2993 0 0 0 0 0
20094 0 31334 0 0 23533 2667 9184 4196 0 0 0 0 1 0 438 0 0 17857 4973 410 0 35264 760 1079 33568 0 0 0 1036 0 0 0 0 0 0 0 0 78 14151 0 1235 5088 0 8 3480
28441 8804 49095 0 23533 0 28813 0 0 7725 0 972 0 0 0 0 0 0 2842 0 0 0 1759 0 0 5159 0 942 0 0 0 0 0 0 0 0 1069 1019 17514 8415 0 9737 342 575 0 0
2533 35685 9802 4853 2667 28813 0 0 0 30690 0 5423 0 0 0 0 0 0 0 0 0 0 0 0 19 0 0 4734 0 0 0 0 0 0 0 0 368 0 14715 2428 0 4964 0 3086 0 0
0 0 9600 0 9184 0 0 0 24 0 0 2065 4299 14998 0 0 0 0 20960 16519 0 7580 8182 4542 0 34848 0 0 5688 11889 0 0 1026 0 100 2382 0 0 1382 0 0 0 9107 0 345 30030
3101 0 5663 0 4196 0 0 24 0 0 345 0 57 3905 2425 19859 798 1766 0 0 0 0 19801 0 26215 0 1010 0 0 0 0 0 0 20283 18880 0 0 396 0 4750 1715 0 0 0 6572 0
312 8938 0 13027 0 7725 30690 0 0 0 10477 0 0 0 20883 0 1 90 0 0 0 0 0 75 10447 0 2028 9532 0 0 0 1243 4843 0 0 2348 9435 318 8591 0 7743 1166 26 9860 0 0
0 2702 0 22340 0 0 0 0 345 10477 0 0 0 430 2369 1 9955 0 0 1352 0 0 0 392 22217 0 887 1960 0 0 1030 17699 10825 0 0 16566 10 12738 0 0 11576 1773 0 5 2277 0
0 16322 3330 0 0 972 5423 2065 0 0 0 0 0 0 0 0 0 0 0 1196 0 10536 0 35978 0 2260 0 4176 1981 5 0 0 5405 0 0 3595 0 0 3433 0 0 6932 2789 0 0 0
0 111 249 0 0 0 0 4299 57 0 0 0 0 29440 0 0 0 0 4900 3702 0 0 3530 0 0 154 17228 0 308 1049 22069 13562 10272 1707 22742 159 0 0 0 36 0 0 0 0 0 13062
309 0 15 0 1 0 0 14998 3905 0 430 0 29440 0 874 468 1922 2687 3991 2592 0 0 6628 280 5214 2294 3251 0 656 3544 4149 7250 3159 8639 10882 93 1183 3150 0 2851 0 311 0 0 5383 18088
3271 3110 0 8129 0 0 0 0 2425 20883 2369 0 0 874 0 0 0 0 0 0 0 0 0 0 33064 0 277 5568 0 0 0 0 189 973 0 315 27760 11678 0 0 578 326 0 13940 0 0
10362 1526 0 0 438 0 0 0 19859 0 1 0 0 468 0 0 2711 0 0 0 3158 0 0 0 34417 0 0 0 0 0 0 0 0 13549 306 0 1345 9763 0 10715 0 1052 0 0 696 0
2848 10661 127 0 0 0 0 0 798 1 9955 0 0 1922 0 2711 0 1996 0 837 0 0 0 0 11120 0 28207 25 0 0 20138 6521 4232 2111 31 8348 678 172 0 2866 5386 7517 0 497 7022 0
0 26 0 0 0 0 0 0 1766 90 0 0 0 2687 0 0 1996 0 0 0 0 0 0 0 17 0 11988 0 0 0 4388 0 639 19090 2584 1 0 0 0 3147 15444 0 0 0 0 0
6521 0 12755 0 17857 2842 0 20960 0 0 0 0 4900 3991 0 0 0 0 0 12011 0 0 12186 687 0 16259 0 0 1872 2231 0 182 22 0 274 2884 0 0 260 5594 0 0 1827 0 288 13604
17 5 4101 0 4973 0 0 16519 0 0 1352 1196 3702 2592 0 0 837 0 12011 0 0 0 16150 470 0 12453 2792 938 6337 1333 5090 48 10948 0 1886 8390 0 0 0 0 0 0 172 0 3724 6897
20089 0 0 0 410 0 0 0 0 0 0 0 0 0 0 3158 0 0 0 0 0 0 0 0 3272 0 0 0 0 0 0 0 0 0 0 0 844 12679 0 0 0 0 0 0 0 0
0 0 1367 0 0 0 0 7580 0 0 0 10536 0 0 0 0 0 0 0 0 0 0 0 14458 0 7525 0 0 1704 7559 0 0 53 0 0 1897 0 0 660 0 0 0 0 0 0 0
1210 0 24625 0 35264 1759 0 8182 19801 0 0 0 3530 6628 0 0 0 0 12186 16150 0 0 0 478 2568 18176 0 0 314 0 0 0 0 18 5958 0 0 0 0 1073 0 0 418 0 5999 1869
0 10643 695 17216 760 0 0 4542 0 75 392 35978 0 280 0 0 0 0 687 470 0 14458 478 0 0 6427 0 56491 9342 1376 0 7 1484 0 0 10540 0 0 5237 0 0 1730 7268 0 0 469
25171 5304 1183 26584 1079 0 19 0 26215 10447 22217 0 0 5214 33064 34417 11120 17 0 0 3272 0 2568 0 0 0 0 7798 0 0 0 0 1474 9671 604 5444 12210 46945 0 7272 8651 5354 0 133 5992 0
1069 0 40916 0 33568 5159 0 34848 0 0 0 2260 154 2294 0 0 0 0 16259 12453 0 7525 18176 6427 0 0 0 0 2775 16989 0 817 10 0 558 83 0 0 3929 0 0 977 25938 0 993 12814
0 26202 0 0 0 0 0 0 1010 2028 887 0 17228 3251 277 0 28207 11988 0 2792 0 0 0 0 0 0 0 0 214 4210 38732 24530 14587 6849 3172 128 0 0 0 1397 8034 0 0 0 0 3484
0 38707 0 42231 0 942 4734 0 0 9532 1960 4176 0 0 5568 0 25 0 0 938 0 0 0 56491 7798 0 0 0 6112 0 0 152 13648 0 0 6683 184 0 137 0 0 7246 3286 1965 0 0
0 6076 3262 150 0 0 0 5688 0 0 0 1981 308 656 0 0 0 0 1872 6337 0 1704 314 9342 0 2775 214 6112 0 26595 6123 10842 22126 239 1879 37030 0 0 62 0 0 0 325 0 4623 3429
0 2900 0 0 1036 0 0 11889 0 0 0 5 1049 3544 0 0 0 0 2231 1333 0 7559 0 1376 0 16989 4210 0 26595 0 16079 33169 6556 0 978 10585 0 0 0 0 0 0 0 0 0 15922
0 3645 0 0 0 0 0 0 0 0 1030 0 22069 4149 0 0 20138 4388 0 5090 0 0 0 0 0 0 38732 0 6123 16079 0 26775 14816 3225 901 833 0 0 0 0 38 0 0 0 0 10153
0 11959 0 315 0 0 0 0 0 1243 17699 0 13562 7250 0 0 6521 0 182 48 0 0 0 7 0 817 24530 152 10842 33169 26775 0 9350 0 5025 7506 0 0 0 0 0 0 0 0 68 20310
0 15036 0 14170 0 0 0 1026 0 4843 10825 5405 10272 3159 189 0 4232 639 22 10948 0 53 0 1484 1474 10 14587 13648 22126 6556 14816 9350 0 2534 6117 16989 0 14 2489 12 1209 4850 2933 63 2923 2103
307 0 1242 0 0 0 0 0 20283 0 0 0 1707 8639 973 13549 2111 19090 0 0 0 0 18 0 9671 0 6849 0 239 0 3225 0 2534 0 41544 0 0 0 0 38539 1873 0 0 0 2499 0
0 0 752 0 0 0 0 100 18880 0 0 0 22742 10882 0 306 31 2584 274 1886 0 0 5958 0 604 558 3172 0 1879 978 901 5025 6117 41544 0 12 0 0 0 13703 0 0 0 0 5182 3207
0 9248 7 1139 0 0 0 2382 0 2348 16566 3595 159 93 315 0 8348 1 2884 8390 0 1897 0 10540 5444 83 128 6683 37030 10585 833 7506 16989 0 12 0 0 2476 1006 0 11481 1211 2797 0 740 660
20324 1810 0 3052 0 1069 368 0 0 9435 10 0 0 1183 27760 1345 678 0 0 0 844 0 0 0 12210 0 0 184 0 0 0 0 0 0 0 0 0 15621 13994 0 0 1245 0 24620 0 0
22003 62 0 1661 0 1019 0 0 396 318 12738 0 0 3150 11678 9763 172 0 0 0 12679 0 0 0 46945 0 0 0 0 0 0 0 14 0 0 2476 15621 0 163 0 1349 881 0 124 0 0
1636 5768 10194 0 78 17514 14715 1382 0 8591 0 3433 0 0 0 0 0 0 260 0 0 660 0 5237 0 3929 0 137 62 0 0 0 2489 0 0 1006 13994 163 0 0 0 12903 14503 2423 0 0
22342 89 7061 0 14151 8415 2428 0 4750 0 0 0 36 2851 0 10715 2866 3147 5594 0 0 0 1073 0 7272 0 1397 0 0 0 0 0 12 38539 13703 0 0 0 0 0 0 0 0 0 1408 0
0 173 0 2993 0 0 0 0 1715 7743 11576 0 0 0 578 0 5386 15444 0 0 0 0 0 0 8651 0 8034 0 0 0 38 0 1209 1873 0 11481 0 1349 0 0 0 0 0 0 0 0
163 20112 13429 0 1235 9737 4964 0 0 1166 1773 6932 0 311 326 1052 7517 0 0 0 0 0 0 1730 5354 977 0 7246 0 0 0 0 4850 0 0 1211 1245 881 12903 0 0 0 5468 5175 3224 0
0 1200 10546 0 5088 342 0 9107 0 26 0 2789 0 0 0 0 0 0 1827 172 0 0 418 7268 0 25938 0 3286 325 0 0 0 2933 0 0 2797 0 0 14503 0 0 5468 0 0 0 0
343 5639 0 0 0 575 3086 0 0 9860 5 0 0 0 13940 0 497 0 0 0 0 0 0 0 133 0 0 1965 0 0 0 0 63 0 0 0 24620 124 2423 0 0 5175 0 0 0 0
1841 2775 7178 0 8 0 0 345 6572 0 2277 0 0 5383 0 696 7022 0 288 3724 0 0 5999 0 5992 993 0 0 4623 0 0 68 2923 2499 5182 740 0 0 0 1408 0 3224 0 0 0 980
0 0 1450 0 3480 0 0 30030 0 0 0 0 13062 18088 0 0 0 0 13604 6897 0 0 1869 469 0 12814 3484 0 3429 15922 10153 20310 2103 0 3207 660 0 0 0 0 0 0 0 0 980 0
