0 0 0 0 58 0 65 7801 0 8680 2032 46265 0 957 0 6009 0 0 6580 11667 0 124 0 0 0 0 484 0 269 46355 0 8687 0 2780 0 23212 4937 50 0 0 53 0 0 0 11186 0
0 0 29338 39417 120 13529 5645 812 1582 0 0 0 7636 0 0 1567 8229 30692 0 0 1171 0 207 2447 89 0 0 16279 0 0 25262 0 2758 0 1717 0 0 0 10453 29371 0 120 17104 0 0 17666
0 29338 0 18890 16894 4914 11280 6715 684 1805 229 0 3673 1797 0 0 3696 2980 0 0 11597 1365 2813 1765 28341 252 4472 11459 451 0 7410 0 9058 0 11574 0 27 3118 9142 11452 4806 0 5413 0 0 14450
0 39417 18890 0 451 2725 0 670 0 0 0 0 3242 0 0 2553 0 8483 0 0 0 0 0 14492 0 8886 0 8771 0 0 7130 0 5484 0 31015 0 2657 0 1162 6207 0 267 4824 0 0 516
58 120 16894 451 0 6536 3039 55736 0 0 0 0 0 1142 0 0 5788 6351 0 19681 0 0 1967 381 0 7702 0 0 18 882 0 3732 0 0 23041 449 3477 1186 0 8873 0 15560 2134 0 0 0
0 13529 4914 2725 6536 0 29579 727 39302 0 0 0 18070 9926 0 0 4627 0 8400 3162 11185 0 12937 471 2656 26 0 6547 22309 1518 12364 0 3852 6955 0 3668 12 1924 1514 562 191 0 22 0 0 3453
65 5645 11280 0 3039 29579 0 2996 16830 0 0 0 0 7016 0 0 7521 0 7830 694 0 0 22420 0 0 0 0 4308 31455 0 0 0 0 2021 0 8042 8 689 3104 10 0 0 3509 0 0 42
7801 812 6715 670 55736 727 2996 0 0 0 1677 0 0 0 0 19345 0 7978 1218 8883 0 0 7138 691 0 10117 0 0 0 8414 0 19695 0 0 798 0 28380 11041 0 5560 0 20677 935 0 8585 0
0 1582 684 0 0 39302 16830 0 0 0 0 0 6260 15032 0 0 7553 0 326 364 0 0 4793 0 8230 0 0 12426 31143 0 12805 0 0 22330 0 2263 0 0 460 0 1579 0 0 0 0 21
8680 0 1805 0 0 0 0 0 0 0 10200 21855 777 1680 0 0 0 0 0 0 0 21394 245 4441 23368 0 45213 0 2835 976 1240 0 0 3376 0 0 0 1849 0 0 4059 0 0 1831 0 0
2032 0 229 0 0 0 0 1677 0 10200 0 980 0 2209 43441 116 0 0 0 0 0 5128 0 27756 13835 11419 718 0 0 6405 145 6329 4012 0 0 0 4556 30432 0 0 0 370 0 17544 192 0
46265 0 0 0 0 0 0 0 0 21855 980 0 0 184 0 0 0 0 0 645 0 696 0 0 215 0 14285 0 2288 9747 0 0 0 6079 0 2076 0 350 0 0 12868 0 0 447 2810 0
0 7636 3673 3242 0 18070 0 0 6260 777 0 0 0 2956 0 0 0 0 0 0 348 0 10583 0 12148 0 8514 12087 265 0 11839 0 2927 10758 0 0 0 139 594 0 0 0 0 0 0 4917
957 0 1797 0 1142 9926 7016 0 15032 1680 2209 184 2956 0 0 0 5201 0 60 658 0 3 0 1789 10181 0 2285 13162 9687 0 3865 0 0 19590 0 443 132 24776 155 1010 0 10 3612 0 0 1060
0 0 0 0 0 0 0 0 0 0 43441 0 0 0 0 732 0 0 0 0 0 40 0 14017 6096 4169 0 0 0 1777 3943 20647 7654 0 0 0 55 9663 0 0 0 1479 7 7170 1482 0
6009 1567 0 2553 0 0 0 19345 0 0 116 0 0 0 732 0 0 12 1564 3005 0 0 0 5336 0 17992 0 0 0 60 7161 11088 2472 0 610 0 19188 30 0 0 0 4486 774 0 1584 0
0 8229 3696 0 5788 4627 7521 0 7553 0 0 0 0 5201 0 0 0 886 0 1842 0 0 0 2047 0 0 0 12108 15600 0 1882 0 0 0 0 0 278 225 16302 9081 0 2737 2250 0 0 6880
0 30692 2980 8483 6351 0 0 7978 0 0 0 0 0 0 0 12 886 0 0 0 0 0 0 179 0 1203 0 9101 0 0 455 0 30 0 14537 0 3296 0 0 21028 0 5120 5574 0 0 347
6580 0 0 0 0 8400 7830 1218 326 0 0 0 0 60 0 1564 0 0 0 5779 0 0 12054 0 0 10 0 0 21779 19461 0 1694 0 5450 0 22937 0 0 0 0 0 0 0 0 0 0
11667 0 0 0 19681 3162 694 8883 364 0 0 645 0 658 0 3005 1842 0 5779 0 0 0 4723 0 0 5520 0 0 0 3413 0 2175 0 0 0 12349 4061 0 0 0 0 691 0 0 0 0
0 1171 11597 0 0 11185 0 0 0 0 0 0 348 0 0 0 0 0 0 0 0 0 0 1684 687 0 0 0 0 0 11281 0 12171 0 0 0 0 0 0 0 0 0 0 0 0 0
124 0 1365 0 0 0 0 0 0 21394 5128 696 0 3 40 0 0 0 0 0 0 0 0 302 14975 0 17849 13 0 108 0 0 0 0 0 0 0 3448 0 0 946 0 0 6933 0 0
0 207 2813 0 1967 12937 22420 7138 4793 245 0 0 10583 0 0 0 0 0 12054 4723 0 0 0 0 9144 662 4087 17164 25066 1094 0 0 0 16555 0 19268 0 0 7886 0 0 0 284 0 0 0
0 2447 1765 14492 381 471 0 691 0 4441 27756 0 0 1789 14017 5336 2047 179 0 0 1684 302 0 0 28260 25881 0 0 0 0 10803 2621 34185 0 9224 0 14183 12941 0 74 0 7615 2901 0 0 0
0 89 28341 0 0 2656 0 0 8230 23368 13835 215 12148 10181 6096 0 0 0 0 0 687 14975 9144 28260 0 0 11876 15060 3173 0 29403 0 26383 6683 0 0 0 12697 0 0 4114 0 0 5096 0 0
0 0 252 8886 7702 26 0 10117 0 0 11419 0 0 0 4169 17992 0 1203 10 5520 0 0 662 25881 0 0 0 0 0 3514 0 25206 127 0 18463 4684 36224 1630 0 0 0 4794 0 0 6252 0
484 0 4472 0 0 0 0 0 0 45213 718 14285 8514 2285 0 0 0 0 0 0 0 17849 4087 0 11876 0 0 13765 2466 0 1101 0 0 306 0 0 0 579 0 0 23851 0 0 55 0 0
0 16279 11459 8771 0 6547 4308 0 12426 0 0 0 12087 13162 0 0 12108 9101 0 0 0 13 17164 0 15060 0 13765 0 297 0 12080 0 0 19353 62 0 0 404 25763 11090 2638 0 1659 0 0 12532
269 0 451 0 18 22309 31455 0 31143 2835 0 2288 265 9687 0 0 15600 0 21779 0 0 0 25066 0 3173 0 2466 297 0 164 0 0 0 14018 0 16195 0 75 885 0 581 0 193 0 0 1874
46355 0 0 0 882 1518 0 8414 0 976 6405 9747 0 0 1777 60 0 0 19461 3413 0 108 1094 0 0 3514 0 0 164 0 0 17932 0 0 0 20681 5575 5758 0 0 0 2194 0 2141 13807 0
0 25262 7410 7130 0 12364 0 0 12805 1240 145 0 11839 3865 3943 7161 1882 455 0 0 11281 0 0 10803 29403 0 1101 12080 0 0 0 0 20196 6158 965 0 0 2573 24 0 1558 2109 3736 0 0 101
8687 0 0 0 3732 0 0 19695 0 0 6329 0 0 0 20647 11088 0 0 1694 2175 0 0 0 2621 0 25206 0 0 0 17932 0 0 0 0 5735 0 10131 3207 0 0 0 4511 0 1962 11275 0
0 2758 9058 5484 0 3852 0 0 0 0 4012 0 2927 0 7654 2472 0 30 0 0 12171 0 0 34185 26383 127 0 0 0 0 20196 0 0 0 2361 0 92 2591 0 167 0 1016 214 0 0 0
2780 0 0 0 0 6955 2021 0 22330 3376 0 6079 10758 19590 0 0 0 0 5450 0 0 0 16555 0 6683 0 306 19353 14018 0 6158 0 0 0 0 5326 0 1325 399 0 3993 0 25 0 0 9048
0 1717 11574 31015 23041 0 0 798 0 0 0 0 0 0 0 610 0 14537 0 0 0 0 0 9224 0 18463 0 62 0 0 965 5735 2361 0 0 0 9514 0 0 2184 0 1292 329 0 0 0
23212 0 0 0 449 3668 8042 0 2263 0 0 2076 0 443 0 0 0 0 22937 12349 0 0 19268 0 0 4684 0 0 16195 20681 0 0 0 5326 0 0 0 0 0 0 0 0 0 0 0 0
4937 0 27 2657 3477 12 8 28380 0 0 4556 0 0 132 55 19188 278 3296 0 4061 0 0 0 14183 0 36224 0 0 0 5575 0 10131 92 0 9514 0 0 4554 0 0 0 10751 0 0 7896 0
50 0 3118 0 1186 1924 689 11041 0 1849 30432 350 139 24776 9663 30 225 0 0 0 0 3448 0 12941 12697 1630 579 404 75 5758 2573 3207 2591 1325 0 0 4554 0 0 303 0 7176 3093 3413 431 0
0 10453 9142 1162 0 1514 3104 0 460 0 0 0 594 155 0 0 16302 0 0 0 0 0 7886 0 0 0 0 25763 885 0 24 0 0 399 0 0 0 0 0 2714 0 0 1 0 0 34632
0 29371 11452 6207 8873 562 10 5560 0 0 0 0 0 1010 0 0 9081 21028 0 0 0 0 0 74 0 0 0 11090 0 0 0 0 167 0 2184 0 0 303 2714 0 0 0 21520 0 0 4829
53 0 4806 0 0 191 0 0 1579 4059 0 12868 0 0 0 0 0 0 0 0 0 946 0 0 4114 0 23851 2638 581 0 1558 0 0 3993 0 0 0 0 0 0 0 0 0 0 0 0
0 120 0 267 15560 0 0 20677 0 0 370 0 0 10 1479 4486 2737 5120 0 691 0 0 0 7615 0 4794 0 0 0 2194 2109 4511 1016 0 1292 0 10751 7176 0 0 0 0 2973 0 0 0
0 17104 5413 4824 2134 22 3509 935 0 0 0 0 0 3612 7 774 2250 5574 0 0 0 0 284 2901 0 0 0 1659 193 0 3736 0 214 25 329 0 0 3093 1 21520 0 2973 0 0 0 400
0 0 0 0 0 0 0 0 0 1831 17544 447 0 0 7170 0 0 0 0 0 0 6933 0 0 5096 0 55 0 0 2141 0 1962 0 0 0 0 0 3413 0 0 0 0 0 0 0 0
11186 0 0 0 0 0 0 8585 0 0 192 2810 0 0 1482 1584 0 0 0 0 0 0 0 0 0 6252 0 0 0 13807 0 11275 0 0 0 0 7896 431 0 0 0 0 0 0 0 0
0 17666 14450 516 0 3453 42 0 21 0 0 0 4917 1060 0 0 6880 347 0 0 0 0 0 0 0 0 0 12532 1874 0 101 0 0 9048 0 0 0 0 34632 4829 0 0 400 0 0 0
