0 36222 0 28375 0 1166 0 4858 0 0 0 19182 0 0 17461 0 662 0 17117 9176 583 10018 10599 0 0 0 0 3190 1828 0 0 0 6883 0 2836 0 1364 0 6729 11 0 2710 13986 0 228 0
36222 0 7304 7223 10183 5951 2605 0 994 3471 8723 0 193 47 6300 29 3484 0 24542 4630 1525 36675 130 13557 2165 0 0 5752 27376 2090 133 14176 2687 311 0 0 15246 5841 4442 6189 0 564 13771 0 3619 0
0 7304 0 1477 0 0 0 2068 282 0 0 0 8387 4048 13169 0 0 0 20499 2319 930 0 894 0 0 22514 0 20464 1326 0 34745 0 0 8551 323 3803 107 0 0 2971 0 7534 4950 10457 0 34559
28375 7223 1477 0 8674 331 0 20649 0 340 12092 7040 0 0 620 0 1311 5515 0 6333 9127 882 19896 24 114 1075 0 152 0 0 4946 0 27794 0 10721 0 0 0 17395 807 0 5014 7849 0 9213 189
0 10183 0 8674 0 2207 29952 0 0 21918 49882 0 3637 0 0 0 14719 0 0 331 8550 0 0 6954 23540 0 37972 11499 4327 13728 3381 7 0 0 0 0 0 0 1278 3025 1009 433 900 0 1059 0
1166 5951 0 331 2207 0 14836 0 0 0 988 0 0 2170 0 0 21170 0 0 0 755 69 0 12387 0 0 22322 7572 12284 15360 0 5027 0 0 0 19688 18169 11245 1806 0 45158 1136 3611 0 3630 0
0 2605 0 0 29952 14836 0 0 0 18300 6284 0 1188 0 0 0 17508 0 0 0 388 0 0 19979 1184 0 16978 5060 325 7963 0 4769 0 26 0 0 0 0 0 1019 8140 1259 305 0 0 0
4858 0 2068 20649 0 0 0 0 665 5356 0 18930 0 3011 37 139 0 6344 0 138 879 0 17969 0 23546 9131 0 0 0 1714 17987 0 650 6081 30034 0 0 0 0 18831 0 4016 234 124 0 3530
0 994 282 0 0 0 0 665 0 0 0 0 14361 3222 0 10136 1137 0 0 875 111 0 0 0 2780 9267 0 0 0 6705 0 0 0 17505 665 0 1737 0 0 6630 0 0 0 0 0 0
0 3471 0 340 21918 0 18300 5356 0 0 23904 0 0 0 0 0 3463 13135 0 0 374 0 872 2968 26905 0 1977 1208 0 22 14853 0 1658 12 20398 0 0 0 10430 3039 0 0 0 0 165 0
0 8723 0 12092 49882 988 6284 0 0 23904 0 0 0 0 0 0 9369 2047 0 0 4669 0 0 3172 7117 0 0 6880 3791 231 8410 0 4913 0 2 0 2 0 12860 346 0 2877 443 0 357 0
19182 0 0 7040 0 0 0 18930 0 0 0 0 0 0 4584 0 0 819 0 0 9 0 32608 0 413 1057 0 0 0 0 6368 0 0 0 2800 0 0 0 889 0 0 0 529 0 0 6574
0 193 8387 0 3637 0 1188 0 14361 0 0 0 0 6822 0 3109 1771 0 0 7531 112 0 0 0 10150 7155 7105 0 5212 23650 0 0 0 36397 0 0 5123 7984 0 114 0 0 0 482 0 1035
0 47 4048 0 0 2170 0 3011 3222 0 0 0 6822 0 0 6024 150 0 1648 12126 1236 0 0 0 862 4218 0 25382 7565 1149 501 0 0 8191 14 17148 6902 6284 0 11272 0 5847 1173 3632 0 0
17461 6300 13169 620 0 0 0 37 0 0 0 4584 0 0 0 0 0 0 11440 1394 0 1331 805 0 0 0 0 0 0 0 405 0 0 0 0 0 0 0 0 459 0 301 10164 0 0 12968
0 29 0 0 0 0 0 139 10136 0 0 0 3109 6024 0 0 75 0 0 7101 0 0 0 0 7300 10038 0 1784 3151 2977 0 0 0 33085 0 2347 2794 13094 0 1832 0 1202 0 0 0 1172
662 3484 0 1311 14719 21170 17508 0 1137 3463 9369 0 1771 150 0 75 0 0 0 0 963 0 0 18523 26388 0 1099 8303 100 1617 874 2976 41 217 0 0 1551 0 2758 672 6982 5194 3916 0 1403 0
0 0 0 5515 0 0 0 6344 0 13135 2047 819 0 0 0 0 0 0 0 0 218 0 5364 0 12292 442 0 0 0 0 27413 0 9189 929 24692 0 0 0 0 1700 0 0 0 0 0 0
17117 24542 20499 0 0 0 0 0 0 0 0 0 0 1648 11440 0 0 0 0 4233 0 0 0 0 0 0 0 14634 6457 0 0 4 0 0 0 4954 0 375 0 675 0 0 1938 0 0 0
9176 4630 2319 6333 331 0 0 138 875 0 0 0 7531 12126 1394 7101 0 0 4233 0 3723 0 1110 0 0 6457 0 9374 106 0 0 0 0 13217 0 374 572 1028 1005 130 0 11074 8293 2757 0 470
583 1525 930 9127 8550 755 388 879 111 374 4669 9 112 1236 0 0 963 218 0 3723 0 0 0 0 56 344 1174 2875 7058 3977 0 0 0 4838 2212 0 1503 510 11 1986 1 5250 477 12 0 0
10018 36675 0 882 0 69 0 0 0 0 0 0 0 0 1331 0 0 0 0 0 0 0 0 4635 0 0 0 0 2867 0 0 84 2979 0 0 0 1411 0 0 0 0 0 0 0 39 0
10599 130 894 19896 0 0 0 17969 0 872 0 32608 0 0 805 0 0 5364 0 1110 0 0 0 0 67 0 0 0 0 0 13359 0 803 0 14189 0 0 0 1845 1284 0 1682 1103 0 401 0
0 13557 0 24 6954 12387 19979 0 0 2968 3172 0 0 0 0 0 18523 0 0 0 0 4635 0 0 0 0 1118 2065 0 0 0 35692 144 0 0 0 19306 0 13787 0 35 1588 1450 0 11067 0
0 2165 0 114 23540 0 1184 23546 2780 26905 7117 413 10150 862 0 7300 26388 12292 0 0 56 0 67 0 0 0 2683 0 0 10129 15156 0 0 560 15225 0 0 0 0 3208 0 0 0 0 0 0
0 0 22514 1075 0 0 0 9131 9267 0 0 1057 7155 4218 0 10038 0 442 0 6457 344 0 0 0 0 0 0 4838 0 0 13867 0 0 31807 8176 0 423 8023 0 17350 0 7833 0 22648 0 27616
0 0 0 0 37972 22322 16978 0 0 1977 0 0 7105 0 0 0 1099 0 0 0 1174 0 0 1118 2683 0 0 806 8761 40930 0 0 0 0 0 2283 1903 1645 0 0 10915 0 0 0 0 0
3190 5752 20464 152 11499 7572 5060 0 0 1208 6880 0 0 25382 0 1784 8303 0 14634 9374 2875 0 0 2065 0 4838 806 0 26170 1159 2741 5867 0 2132 0 14117 1505 6043 258 7629 816 6580 3667 1444 313 130
1828 27376 1326 0 4327 12284 325 0 0 0 3791 0 5212 7565 0 3151 100 0 6457 106 7058 2867 0 0 0 0 8761 26170 0 14856 0 9648 0 454 0 28753 15697 18867 0 1830 720 4292 516 0 0 0
0 2090 0 0 13728 15360 7963 1714 6705 22 231 0 23650 1149 0 2977 1617 0 0 0 3977 0 0 0 10129 0 40930 1159 14856 0 0 0 0 1877 0 429 2466 22152 0 5502 3445 176 0 0 0 0
0 133 34745 4946 3381 0 0 17987 0 14853 8410 6368 0 501 405 0 874 27413 0 0 0 0 13359 0 15156 13867 0 2741 0 0 0 0 8320 675 17881 0 0 0 380 830 0 8104 3688 8644 0 20236
0 14176 0 0 7 5027 4769 0 0 0 0 0 0 0 0 0 2976 0 4 0 0 84 0 35692 0 0 0 5867 9648 0 0 0 0 0 0 0 31682 3277 0 0 0 53 911 0 0 0
6883 2687 0 27794 0 0 0 650 0 1658 4913 0 0 0 0 0 41 9189 0 0 0 2979 803 144 0 0 0 0 0 0 8320 0 0 0 217 0 0 0 174 0 0 0 0 0 1860 0
0 311 8551 0 0 0 26 6081 17505 12 0 0 36397 8191 0 33085 217 929 0 13217 4838 0 0 0 560 31807 0 2132 454 1877 675 0 0 0 10508 625 2389 2468 0 9122 0 526 0 234 0 519
2836 0 323 10721 0 0 0 30034 665 20398 2 2800 0 14 0 0 0 24692 0 0 2212 0 14189 0 15225 8176 0 0 0 0 17881 0 217 10508 0 0 0 0 0 16175 0 0 0 0 0 0
0 0 3803 0 0 19688 0 0 0 0 0 0 0 17148 0 2347 0 0 4954 374 0 0 0 0 0 0 2283 14117 28753 429 0 0 0 625 0 0 5635 5816 0 2773 4759 0 0 0 0 0
1364 15246 107 0 0 18169 0 0 1737 0 2 0 5123 6902 0 2794 1551 0 0 572 1503 1411 0 19306 0 423 1903 1505 15697 2466 0 31682 0 2389 0 5635 0 13934 0 814 3117 8100 8067 1915 0 0
0 5841 0 0 0 11245 0 0 0 0 0 0 7984 6284 0 13094 0 0 375 1028 510 0 0 0 0 8023 1645 6043 18867 22152 0 3277 0 2468 0 5816 13934 0 0 4593 10 4563 1765 0 0 0
6729 4442 0 17395 1278 1806 0 0 0 10430 12860 889 0 0 0 0 2758 0 0 1005 11 0 1845 13787 0 0 0 258 0 0 380 0 174 0 0 0 0 0 0 0 0 0 3799 0 13287 0
11 6189 2971 807 3025 0 1019 18831 6630 3039 346 0 114 11272 459 1832 672 1700 675 130 1986 0 1284 0 3208 17350 0 7629 1830 5502 830 0 0 9122 16175 2773 814 4593 0 0 0 5855 605 0 0 809
0 0 0 0 1009 45158 8140 0 0 0 0 0 0 0 0 0 6982 0 0 0 1 0 0 35 0 0 10915 816 720 3445 0 0 0 0 0 4759 3117 10 0 0 0 0 0 0 0 0
2710 564 7534 5014 433 1136 1259 4016 0 0 2877 0 0 5847 301 1202 5194 0 0 11074 5250 0 1682 1588 0 7833 0 6580 4292 176 8104 53 0 526 0 0 8100 4563 0 5855 0 0 9708 5109 0 3000
13986 13771 4950 7849 900 3611 305 234 0 0 443 529 0 1173 10164 0 3916 0 1938 8293 477 0 1103 1450 0 0 0 3667 516 0 3688 911 0 0 0 0 8067 1765 3799 605 0 9708 0 0 51 9174
0 0 10457 0 0 0 0 124 0 0 0 0 482 3632 0 0 0 0 0 2757 12 0 0 0 0 22648 0 1444 0 0 8644 0 0 234 0 0 1915 0 0 0 0 5109 0 0 0 10944
228 3619 0 9213 1059 3630 0 0 0 165 357 0 0 0 0 0 1403 0 0 0 0 39 401 11067 0 0 0 313 0 0 0 0 1860 0 0 0 0 0 13287 0 0 0 51 0 0 0
0 0 34559 189 0 0 0 3530 0 0 0 6574 1035 0 12968 1172 0 0 0 470 0 0 0 0 0 27616 0 130 0 0 20236 0 0 519 0 0 0 0 0 809 0 3000 9174 10944 0 0
