0 0 0 25751 612 41741 0 0 17220 2831 0 0 0 0 0 9716 0 15688 0 0 4820 3337 1 28897 0 0 0 0 2449 0 0 24170 4201 0 0 0 0 0 0 0 2067 0 1 0 0 0
0 0 2669 0 0 0 508 361 1130 2585 9327 0 0 7254 6774 3 3364 0 64 5558 531 5021 0 0 589 35394 24738 13550 21902 0 0 3852 0 0 29027 0 0 4201 13682 13385 15569 22568 16771 0 0 0
0 2669 0 0 49610 4145 0 16274 14 452 7246 15851 0 7294 0 21940 21517 5118 278 0 0 0 5531 3198 25033 0 15316 11521 2019 0 3201 8339 3559 23080 0 5581 14598 0 0 2099 0 1652 59 0 10943 10098
25751 0 0 0 0 3860 0 0 16988 0 0 0 0 20166 0 8105 0 0 10073 0 0 13039 1703 39876 0 1014 0 0 5535 0 0 0 0 0 12140 0 0 0 0 0 6126 981 0 13267 0 0
612 0 49610 0 0 15489 0 12264 15386 10502 0 2438 94 0 658 35182 8706 9649 0 0 0 0 13887 1506 4517 0 3184 601 0 1271 1576 16980 4216 18068 0 494 0 2408 0 5130 0 0 9 0 0 0
41741 0 4145 3860 15489 0 0 3637 8342 674 0 10415 10234 0 0 1164 1527 15807 0 0 9099 1884 0 1042 0 0 0 0 2573 8071 0 17029 0 0 0 0 0 20377 0 520 1665 0 84 0 0 0
0 508 0 0 0 0 0 23 0 7461 9732 0 0 5789 5868 0 0 0 0 16205 0 0 6093 0 0 42504 3916 10410 5148 0 2292 0 0 0 1469 5 0 0 20928 2100 0 690 0 0 0 17917
0 361 16274 0 12264 3637 23 0 14528 6682 7319 34563 9009 19 0 1479 22840 3431 0 0 0 0 0 0 10958 83 11559 0 0 9357 0 0 4 2200 0 39506 18826 0 0 9832 0 0 0 0 5701 6641
17220 1130 14 16988 15386 8342 0 14528 0 9340 0 0 5349 1458 1119 593 9020 6580 7494 6616 0 4530 4187 22272 9 885 3147 4796 3175 471 7635 1490 23 414 0 8189 2294 1204 0 19512 3095 1530 6416 6841 0 0
2831 2585 452 0 10502 674 7461 6682 9340 0 18032 29 1920 0 29970 4810 1890 6720 0 212 0 0 0 0 777 10515 2696 0 8801 12285 0 1866 0 0 0 8147 1547 0 28 3377 0 2418 0 0 0 17599
0 9327 7246 0 0 0 9732 7319 0 18032 0 0 0 1011 3645 0 0 0 0 192 0 0 0 0 12839 12591 46263 672 1196 0 0 0 0 0 0 0 109 0 1841 1897 0 2172 0 0 4534 6810
0 0 15851 0 2438 10415 0 34563 0 29 0 0 9741 0 0 0 22539 2172 0 0 0 0 0 0 0 0 0 0 0 11152 0 0 0 0 0 11341 152 0 0 0 0 0 0 0 0 2721
0 0 0 0 94 10234 0 9009 5349 1920 0 9741 0 0 623 0 11718 0 0 0 3604 0 0 0 0 194 0 0 660 29804 0 5466 0 0 0 15119 0 22148 0 662 0 0 0 0 0 0
0 7254 7294 20166 0 0 5789 19 1458 0 1011 0 0 0 0 452 0 1192 23812 1459 0 6672 6123 1601 531 3862 2793 3846 10453 0 243 0 58 165 4568 0 454 0 1788 7253 2 9754 8669 2133 8 0
0 6774 0 0 658 0 5868 0 1119 29970 3645 0 623 0 0 0 0 0 0 0 0 0 0 0 0 14414 401 0 13968 7606 0 0 0 0 1065 51 0 3045 10899 6877 0 4839 1033 0 0 22999
9716 3 21940 8105 35182 1164 0 1479 593 4810 0 0 0 452 0 0 0 12434 155 0 91 1288 8996 10179 96 0 0 0 1424 0 1288 26465 9444 651 728 0 0 0 0 0 2408 0 1 0 0 0
0 3364 21517 0 8706 1527 0 22840 9020 1890 0 22539 11718 0 0 0 0 0 0 0 9 0 0 0 391 0 3793 0 7 627 0 4155 0 7291 0 17223 1189 5908 0 3259 0 309 2177 0 0 5409
15688 0 5118 0 9649 15807 0 3431 6580 6720 0 2172 0 1192 0 12434 0 0 0 0 0 0 1764 2483 3196 0 0 1185 0 478 496 14167 3075 0 0 0 0 0 0 3119 0 0 1240 0 0 0
0 64 278 10073 0 0 0 0 7494 0 0 0 0 23812 0 155 0 0 0 5007 0 1150 5771 10117 1119 46 0 18092 2481 0 2131 0 7 1471 2955 0 0 0 0 863 0 3598 21 1084 0 0
0 5558 0 0 0 0 16205 0 6616 212 192 0 0 1459 0 0 0 0 5007 0 0 0 2504 7087 0 12517 10969 16328 534 0 6303 0 0 0 0 0 0 0 5736 0 0 0 0 0 0 5581
4820 531 0 0 0 9099 0 0 0 0 0 0 3604 0 0 91 9 0 0 0 0 0 0 0 0 0 0 0 3548 0 0 17404 0 0 373 0 0 5508 0 0 4249 0 250 0 0 0
3337 5021 0 13039 0 1884 0 0 4530 0 0 0 0 6672 0 1288 0 0 1150 0 0 0 0 3038 0 15482 0 0 563 0 0 826 0 0 13157 0 0 0 0 80 4589 5566 883 0 0 0
1 0 5531 1703 13887 0 6093 0 4187 0 0 0 0 6123 0 8996 0 1764 5771 2504 0 0 0 10075 11675 0 0 18186 4343 0 34866 6921 15944 2250 0 0 0 0 0 0 0 0 0 5013 0 0
28897 0 3198 39876 1506 1042 0 0 22272 0 0 0 0 1601 0 10179 0 2483 10117 7087 0 3038 10075 0 71 0 0 2256 44 0 23088 2500 36107 0 0 0 0 0 0 0 0 962 0 10636 0 0
0 589 25033 0 4517 0 0 10958 9 777 12839 0 0 531 0 96 391 3196 1119 0 0 0 11675 71 0 0 12632 32488 29 0 8900 0 31413 44261 0 0 30614 0 0 4443 0 23 14180 0 12885 2638
0 35394 0 1014 0 0 42504 83 885 10515 12591 0 194 3862 14414 0 0 0 46 12517 0 15482 0 0 0 0 10730 3049 8822 0 0 0 0 0 26349 943 0 15 35025 13255 1548 7902 0 0 0 18231
0 24738 15316 0 3184 0 3916 11559 3147 2696 46263 0 0 2793 401 0 3793 0 0 10969 0 0 0 0 12632 10730 0 6758 7044 0 0 0 0 2476 0 0 6587 0 7000 5675 0 3760 170 0 6610 1502
0 13550 11521 0 601 0 10410 0 4796 0 672 0 0 3846 0 0 0 1185 18092 16328 0 0 18186 2256 32488 3049 6758 0 3741 0 9980 0 9586 15987 0 0 742 0 892 34 0 2139 1968 0 1201 0
2449 21902 2019 5535 0 2573 5148 0 3175 8801 1196 0 660 10453 13968 1424 7 0 2481 534 3548 563 4343 44 29 8822 7044 3741 0 13623 57 2492 0 0 10056 2870 0 14917 9154 564 13407 9579 2173 0 0 0
0 0 0 0 1271 8071 0 9357 471 12285 0 11152 29804 0 7606 0 627 478 0 0 0 0 0 0 0 0 0 0 13623 0 0 0 0 0 0 16190 0 4795 0 0 0 0 0 0 0 1508
0 0 3201 0 1576 0 2292 0 7635 0 0 0 0 243 0 1288 0 496 2131 6303 0 0 34866 23088 8900 0 0 9980 57 0 0 200 4300 1229 0 0 0 0 0 0 0 0 0 6562 0 0
24170 3852 8339 0 16980 17029 0 0 1490 1866 0 0 5466 0 0 26465 4155 14167 0 0 17404 826 6921 2500 0 0 0 0 2492 0 200 0 11768 0 1020 0 0 25519 0 603 1183 11 3018 0 0 0
4201 0 3559 0 4216 0 0 4 23 0 0 0 0 58 0 9444 0 3075 7 0 0 0 15944 36107 31413 0 0 9586 0 0 4300 11768 0 20254 0 0 1645 0 0 57 0 0 4821 0 72 0
0 0 23080 0 18068 0 0 2200 414 0 0 0 0 165 0 651 7291 0 1471 0 0 0 2250 0 44261 0 2476 15987 0 0 1229 0 20254 0 0 0 1540 0 0 6339 0 0 8710 0 334 1171
0 29027 0 12140 0 0 1469 0 0 0 0 0 0 4568 1065 728 0 0 2955 0 373 13157 0 0 0 26349 0 0 10056 0 0 1020 0 0 0 0 0 5804 3158 3432 25650 8688 11155 0 0 0
0 0 5581 0 494 0 5 39506 8189 8147 0 11341 15119 0 51 0 17223 0 0 0 0 0 0 0 0 943 0 0 2870 16190 0 0 0 0 0 0 3787 2620 0 1397 0 0 0 0 221 4055
0 0 14598 0 0 0 0 18826 2294 1547 109 152 0 454 0 0 1189 0 0 0 0 0 0 0 30614 0 6587 742 0 0 0 0 1645 1540 0 3787 0 0 0 12627 0 0 250 0 20446 18297
0 4201 0 0 2408 20377 0 0 1204 0 0 0 22148 0 3045 0 5908 0 0 0 5508 0 0 0 0 15 0 0 14917 4795 0 25519 0 0 5804 2620 0 0 0 1416 989 868 2116 0 0 0
0 13682 0 0 0 0 20928 0 0 28 1841 0 0 1788 10899 0 0 0 0 5736 0 0 0 0 0 35025 7000 892 9154 0 0 0 0 0 3158 0 0 0 0 3459 0 0 0 0 0 4146
0 13385 2099 0 5130 520 2100 9832 19512 3377 1897 0 662 7253 6877 0 3259 3119 863 0 0 80 0 0 4443 13255 5675 34 564 0 0 603 57 6339 3432 1397 12627 1416 3459 0 0 11196 12021 0 365 397
2067 15569 0 6126 0 1665 0 0 3095 0 0 0 0 2 0 2408 0 0 0 0 4249 4589 0 0 0 1548 0 0 13407 0 0 1183 0 0 25650 0 0 989 0 0 0 0 450 0 0 0
0 22568 1652 981 0 0 690 0 1530 2418 2172 0 0 9754 4839 0 309 0 3598 0 0 5566 0 962 23 7902 3760 2139 9579 0 0 11 0 0 8688 0 0 868 0 11196 0 0 452 0 0 0
1 16771 59 0 9 84 0 0 6416 0 0 0 0 8669 1033 1 2177 1240 21 0 250 883 0 0 14180 0 170 1968 2173 0 0 3018 4821 8710 11155 0 250 2116 0 12021 450 452 0 0 1333 0
0 0 0 13267 0 0 0 0 6841 0 0 0 0 2133 0 0 0 0 1084 0 0 0 5013 10636 0 0 0 0 0 0 6562 0 0 0 0 0 0 0 0 0 0 0 0 0 0 0
0 0 10943 0 0 0 0 5701 0 0 4534 0 0 8 0 0 0 0 0 0 0 0 0 0 12885 0 6610 1201 0 0 0 0 72 334 0 221 20446 0 0 365 0 0 1333 0 0 4007
0 0 10098 0 0 0 17917 6641 0 17599 6810 2721 0 0 22999 0 5409 0 0 5581 0 0 0 0 2638 18231 1502 0 0 1508 0 0 0 1171 0 4055 18297 0 4146 397 0 0 0 0 4007 0
